3 59 22
3 58 22
3 57 22
3 56 22
3 55 22
3 54 22
3 53 22
3 52 22
3 51 22
3 50 22
3 49 22
3 48 22
3 47 22
3 46 22
3 45 22
3 44 22
3 43 22
3 42 22
3 41 22
3 40 22
3 39 22
3 38 22
3 37 22
3 36 22
3 35 22
3 34 22
3 33 22
3 32 22
3 31 22
3 30 22
3 29 22
3 28 22
3 27 22
3 26 22
3 25 22
3 24 22
3 23 22
3 22 22
3 21 22
3 20 22
3 19 22
3 18 22
3 61 22
3 62 22
3 63 22
3 64 22
3 65 22
3 66 22
3 67 22
3 68 22
3 69 22
3 70 22
C 70 21
C 70 20
C 70 19
C 70 18
3 18 22
3 19 22
3 20 22
3 21 22
3 22 22
3 23 22
3 24 22
3 25 22
3 26 22
3 27 22
3 28 22
3 29 22
3 30 22
3 31 22
3 32 22
3 33 22
3 34 22
3 35 22
3 36 22
3 37 22
3 38 22
3 39 22
3 40 22
3 41 22
3 42 22
3 43 22
3 44 22
3 45 22
3 46 22
3 47 22
3 48 22
3 49 22
3 50 22
3 51 22
3 52 22
3 53 22
3 54 22
3 55 22
3 56 22
3 57 22
3 58 22
3 59 22
3 60 22
3 61 22
3 62 22
3 63 22
3 64 22
3 65 22
3 66 22
3 67 22
3 68 22
3 69 22
3 70 22
C 70 21
C 70 20
C 70 19
C 70 18
