7 113 55
7 112 55
7 111 55
7 110 55
7 109 55
7 108 55
7 107 55
7 106 55
7 105 55
7 104 55
7 103 55
7 102 55
7 101 55
7 100 55
7 99 55
7 98 55
7 97 55
7 96 55
7 95 55
7 94 55
7 93 55
7 92 55
7 91 55
7 90 55
7 89 55
7 88 55
7 87 55
7 86 55
7 85 55
7 84 55
7 83 55
7 82 55
7 81 55
7 80 55
7 79 55
7 78 55
7 77 55
7 76 55
7 75 55
7 74 55
7 73 55
7 72 55
7 71 55
7 70 55
7 69 55
7 68 55
7 67 55
7 66 55
7 65 55
7 64 55
7 63 55
7 62 55
7 61 55
7 60 55
7 59 55
7 58 55
7 57 55
7 56 55
7 55 55
7 54 55
7 53 55
7 52 55
7 51 55
7 50 55
7 49 55
7 48 55
7 47 55
7 46 55
7 45 55
7 44 55
7 43 55
7 42 55
7 41 55
7 40 55
7 39 55
7 38 55
7 37 55
7 36 55
7 35 55
7 34 55
7 33 55
7 32 55
7 115 55
7 116 55
7 117 55
7 118 55
7 119 55
7 120 55
7 121 55
7 122 55
7 123 55
7 124 55
7 125 55
7 126 55
7 127 55
7 128 55
7 129 55
7 130 55
7 131 55
7 132 55
7 133 55
7 134 55
7 135 55
D 135 54
D 135 53
D 135 52
D 135 51
D 135 50
D 135 49
D 135 48
D 135 47
D 135 46
D 135 45
7 32 55
7 33 55
7 34 55
7 35 55
7 36 55
7 37 55
7 38 55
7 39 55
7 40 55
7 41 55
7 42 55
7 43 55
7 44 55
7 45 55
7 46 55
7 47 55
7 48 55
7 49 55
7 50 55
7 51 55
7 52 55
7 53 55
7 54 55
7 55 55
7 56 55
7 57 55
7 58 55
7 59 55
7 60 55
7 61 55
7 62 55
7 63 55
7 64 55
7 65 55
7 66 55
7 67 55
7 68 55
7 69 55
7 70 55
7 71 55
7 72 55
7 73 55
7 74 55
7 75 55
7 76 55
7 77 55
7 78 55
7 79 55
7 80 55
7 81 55
7 82 55
7 83 55
7 84 55
7 85 55
7 86 55
7 87 55
7 88 55
7 89 55
7 90 55
7 91 55
7 92 55
7 93 55
7 94 55
7 95 55
7 96 55
7 97 55
7 98 55
7 99 55
7 100 55
7 101 55
7 102 55
7 103 55
7 104 55
7 105 55
7 106 55
7 107 55
7 108 55
7 109 55
7 110 55
7 111 55
7 112 55
7 113 55
7 114 55
7 115 55
7 116 55
7 117 55
7 118 55
7 119 55
7 120 55
7 121 55
7 122 55
7 123 55
7 124 55
7 125 55
7 126 55
7 127 55
7 128 55
7 129 55
7 130 55
7 131 55
7 132 55
7 133 55
7 134 55
7 135 55
D 135 54
D 135 53
D 135 52
D 135 51
D 135 50
D 135 49
D 135 48
D 135 47
D 135 46
D 135 45
