3 260 378
3 259 378
3 258 378
3 257 378
3 256 378
3 255 378
3 254 378
3 253 378
3 252 378
3 251 378
3 250 378
3 249 378
3 248 378
3 247 378
3 246 378
3 245 378
3 244 378
3 243 378
3 242 378
3 241 378
3 240 378
3 239 378
3 238 378
3 237 378
3 236 378
3 235 378
3 234 378
3 233 378
3 232 378
3 231 378
3 230 378
3 229 378
3 228 378
3 227 378
3 226 378
3 225 378
3 224 378
3 223 378
3 222 378
3 221 378
3 220 378
3 219 378
3 218 378
3 217 378
3 216 378
3 215 378
3 214 378
3 213 378
3 212 378
3 211 378
3 210 378
3 209 378
3 208 378
3 207 378
3 206 378
3 205 378
3 204 378
3 203 378
3 202 378
3 201 378
3 200 378
3 199 378
3 198 378
3 197 378
3 196 378
3 195 378
3 194 378
3 193 378
3 192 378
3 191 378
3 190 378
3 189 378
3 188 378
3 187 378
3 186 378
3 185 378
3 184 378
3 183 378
3 182 378
3 181 378
3 180 378
3 179 378
3 178 378
3 177 378
3 176 378
3 175 378
3 174 378
3 173 378
3 172 378
3 171 378
3 170 378
3 169 378
3 168 378
3 167 378
3 166 378
3 165 378
3 164 378
3 163 378
3 162 378
3 161 378
3 160 378
3 159 378
3 158 378
3 157 378
3 156 378
3 155 378
3 154 378
3 153 378
3 152 378
3 151 378
3 150 378
3 149 378
3 148 378
3 147 378
3 146 378
3 145 378
3 144 378
3 143 378
3 142 378
3 141 378
3 140 378
3 139 378
3 138 378
3 137 378
3 136 378
3 135 378
3 134 378
3 133 378
3 132 378
3 131 378
3 130 378
3 129 378
3 128 378
3 127 378
3 126 378
3 125 378
3 124 378
3 123 378
3 122 378
3 121 378
3 120 378
3 119 378
3 118 378
3 117 378
3 116 378
3 115 378
3 114 378
3 113 378
3 112 378
3 111 378
3 110 378
3 109 378
3 108 378
3 107 378
3 106 378
3 105 378
3 104 378
3 103 378
3 102 378
3 101 378
3 100 378
3 99 378
3 98 378
3 97 378
3 96 378
3 95 378
3 94 378
3 93 378
3 92 378
3 91 378
3 90 378
3 89 378
3 88 378
3 87 378
3 86 378
3 85 378
3 84 378
3 83 378
3 82 378
3 81 378
3 80 378
3 79 378
3 78 378
3 77 378
3 76 378
3 75 378
3 74 378
3 73 378
3 72 378
3 71 378
3 70 378
3 69 378
3 68 378
3 67 378
3 66 378
3 65 378
3 64 378
3 63 378
3 62 378
3 61 378
3 60 378
3 59 378
3 58 378
3 57 378
3 56 378
3 55 378
3 54 378
3 53 378
3 52 378
3 51 378
3 50 378
3 49 378
3 48 378
3 47 378
3 46 378
3 45 378
3 44 378
3 43 378
3 42 378
3 41 378
3 40 378
3 39 378
3 38 378
3 37 378
C 37 377
C 37 376
C 37 375
C 37 374
C 37 373
C 37 372
C 37 371
C 37 370
C 37 369
C 37 368
C 37 367
C 37 366
C 37 365
C 37 364
C 37 363
C 37 362
C 37 361
C 37 360
C 37 359
C 37 358
C 37 357
C 37 356
C 37 355
C 37 354
C 37 353
C 37 352
C 37 351
C 37 350
C 37 349
C 37 348
C 37 347
C 37 346
C 37 345
C 37 344
C 37 343
C 37 342
C 37 341
C 37 340
C 37 339
C 37 338
C 37 337
C 37 336
C 37 335
C 37 334
C 37 333
C 37 332
C 37 331
C 37 330
C 37 329
C 37 328
C 37 327
C 37 326
C 37 325
C 37 324
C 37 323
C 37 322
C 37 321
C 37 320
C 37 319
C 37 318
C 37 317
C 37 316
C 37 315
C 37 314
C 37 313
C 37 312
C 37 311
C 37 310
C 37 309
C 37 308
C 37 307
C 37 306
C 37 305
C 37 304
C 37 303
C 37 302
C 37 301
C 37 300
C 37 299
C 37 298
C 37 297
C 37 296
C 37 295
C 37 294
C 37 293
C 37 292
C 37 291
C 37 290
C 37 289
C 37 288
C 37 287
C 37 286
C 37 285
C 37 284
C 37 283
C 37 282
C 37 281
C 37 280
C 37 279
C 37 278
C 37 277
C 37 276
C 37 275
C 37 274
C 37 273
C 37 272
C 37 271
C 37 270
C 37 269
C 37 268
C 37 267
C 37 266
C 37 265
C 37 264
C 37 263
C 37 262
C 37 261
C 37 260
C 37 259
C 37 258
C 37 257
C 37 256
C 37 255
C 37 254
C 37 253
C 37 252
C 37 251
C 37 250
C 37 249
C 37 248
C 37 247
C 37 246
C 37 245
C 37 244
C 37 243
C 37 242
C 37 241
C 37 240
C 37 239
C 37 238
C 37 237
C 37 236
C 37 235
C 37 234
C 37 233
C 37 232
C 37 231
C 37 230
C 37 229
C 37 228
C 37 227
C 37 226
C 37 225
C 37 224
C 37 223
C 37 222
C 37 221
C 37 220
C 37 219
C 37 218
C 37 217
C 37 216
C 37 215
C 37 214
C 37 213
C 37 212
C 37 211
C 37 210
C 37 209
C 37 208
C 37 207
C 37 206
C 37 205
C 37 204
C 37 203
C 37 202
C 37 201
C 37 200
C 37 199
C 37 198
C 37 197
C 37 196
C 37 195
C 37 194
C 37 193
C 37 192
C 37 191
C 37 190
C 37 189
C 37 188
C 37 187
C 37 186
C 37 185
C 37 184
C 37 183
C 37 182
C 37 181
C 37 180
C 37 179
C 37 178
C 37 177
C 37 176
C 37 175
C 37 174
C 37 173
C 37 172
C 37 171
C 37 170
C 37 169
C 37 168
C 37 167
C 37 166
C 37 165
C 37 164
C 37 163
C 37 162
C 37 161
C 37 160
C 37 159
C 37 158
C 37 157
C 37 156
C 37 155
C 37 154
C 37 153
C 37 152
C 37 151
C 37 150
C 37 149
C 37 148
C 37 147
C 37 146
C 37 145
C 37 144
C 37 143
C 37 142
C 37 141
C 37 140
C 37 139
C 37 138
C 37 137
C 37 136
C 37 135
C 37 134
C 37 133
C 37 132
C 37 131
C 37 130
C 37 129
C 37 128
C 37 127
C 37 126
C 37 125
C 37 124
C 37 123
C 37 122
C 37 121
C 37 120
C 37 119
C 37 118
C 37 117
C 37 116
C 37 115
C 37 114
C 37 113
C 37 112
C 37 111
C 37 110
C 37 109
C 37 108
C 37 107
C 37 106
C 37 105
C 37 104
C 37 103
C 37 102
C 37 101
C 37 100
C 37 99
C 37 98
C 37 97
C 37 96
C 37 95
C 37 94
C 37 93
C 37 92
C 37 91
C 37 90
C 37 89
C 37 88
C 37 87
C 37 86
C 37 85
C 37 84
C 37 83
C 37 82
C 37 81
C 37 80
C 37 79
C 37 78
C 37 77
C 37 76
C 37 75
C 37 74
C 37 73
C 37 72
C 37 71
C 37 70
C 37 69
C 37 68
C 37 67
C 37 66
C 37 65
C 37 64
C 37 63
C 37 62
C 37 61
C 37 60
C 37 59
C 37 58
C 37 57
C 37 56
C 37 55
C 37 54
C 37 53
C 37 52
C 37 51
C 37 50
C 37 49
C 37 48
C 37 47
C 37 46
C 37 45
C 37 44
C 37 43
C 37 42
C 37 41
C 37 40
C 37 39
C 37 38
C 37 37
C 37 36
C 37 35
C 37 34
C 37 33
C 37 32
C 37 31
C 37 30
C 37 29
C 37 28
C 37 27
C 37 26
C 37 25
C 37 24
C 37 23
C 37 22
C 37 21
C 37 20
C 37 19
C 37 18
C 37 17
C 37 16
C 37 15
C 37 14
C 37 13
C 37 12
C 37 11
C 37 10
C 37 9
C 37 8
C 37 7
3 262 378
3 263 378
3 264 378
3 265 378
3 266 378
3 267 378
3 268 378
3 269 378
3 270 378
3 271 378
3 272 378
3 273 378
3 274 378
3 275 378
3 276 378
3 277 378
3 278 378
3 279 378
3 280 378
3 281 378
3 282 378
3 283 378
3 284 378
3 285 378
3 286 378
3 287 378
3 288 378
3 289 378
3 290 378
3 291 378
3 292 378
3 293 378
3 294 378
3 295 378
3 296 378
3 297 378
3 298 378
3 299 378
3 300 378
3 301 378
3 302 378
3 303 378
3 304 378
3 305 378
3 306 378
3 307 378
3 308 378
3 309 378
C 309 377
C 309 376
C 309 375
C 309 374
C 309 373
C 309 372
C 309 371
C 309 370
C 309 369
C 309 368
C 309 367
C 309 366
C 309 365
C 309 364
C 309 363
C 309 362
C 309 361
C 309 360
C 309 359
C 309 358
C 309 357
C 309 356
C 309 355
C 309 354
C 309 353
C 309 352
C 309 351
C 309 350
C 309 349
C 309 348
C 309 347
C 309 346
C 309 345
C 309 344
C 309 343
C 309 342
C 309 341
C 309 340
C 309 339
C 309 338
C 309 337
C 309 336
C 309 335
C 309 334
C 309 333
C 309 332
C 309 331
C 309 330
C 309 329
C 309 328
C 309 327
C 309 326
C 309 325
C 309 324
C 309 323
C 309 322
C 309 321
C 309 320
C 309 319
C 309 318
C 309 317
C 309 316
C 309 315
C 309 314
C 309 313
C 309 312
C 309 311
C 309 310
C 309 309
C 309 308
C 309 307
C 309 306
C 309 305
C 309 304
C 309 303
C 309 302
C 309 301
C 309 300
C 309 299
C 309 298
C 309 297
C 309 296
C 309 295
C 309 294
C 309 293
C 309 292
C 309 291
C 309 290
C 309 289
C 309 288
C 309 287
C 309 286
C 309 285
C 309 284
C 309 283
C 309 282
C 309 281
C 309 280
C 309 279
C 309 278
C 309 277
C 309 276
C 309 275
C 309 274
C 309 273
C 309 272
C 309 271
C 309 270
C 309 269
C 309 268
C 309 267
C 309 266
C 309 265
C 309 264
C 309 263
C 309 262
C 309 261
C 309 260
C 309 259
C 309 258
C 309 257
C 309 256
C 309 255
C 309 254
C 309 253
C 309 252
C 309 251
C 309 250
C 309 249
C 309 248
C 309 247
C 309 246
C 309 245
C 309 244
C 309 243
C 309 242
C 309 241
C 309 240
C 309 239
C 309 238
C 309 237
C 309 236
C 309 235
C 309 234
C 309 233
C 309 232
C 309 231
C 309 230
C 309 229
C 309 228
C 309 227
C 309 226
C 309 225
C 309 224
C 309 223
C 309 222
C 309 221
C 309 220
C 309 219
C 309 218
C 309 217
C 309 216
C 309 215
C 309 214
C 309 213
C 309 212
C 309 211
C 309 210
C 309 209
C 309 208
C 309 207
3 260 378
3 259 378
3 258 378
3 257 378
3 256 378
3 255 378
3 254 378
3 253 378
3 252 378
3 251 378
3 250 378
3 249 378
3 248 378
3 247 378
3 246 378
3 245 378
3 244 378
3 243 378
3 242 378
3 241 378
3 240 378
3 239 378
3 238 378
3 237 378
3 236 378
3 235 378
3 234 378
3 233 378
3 232 378
3 231 378
3 230 378
3 229 378
3 228 378
3 227 378
3 226 378
3 225 378
3 224 378
3 223 378
3 222 378
3 221 378
3 220 378
3 219 378
3 218 378
3 217 378
3 216 378
3 215 378
3 214 378
3 213 378
3 212 378
3 211 378
3 210 378
C 210 377
C 210 376
C 210 375
C 210 374
C 210 373
C 210 372
C 210 371
C 210 370
C 210 369
C 210 368
C 210 367
C 210 366
C 210 365
C 210 364
C 210 363
C 210 362
C 210 361
C 210 360
C 210 359
C 210 358
C 210 357
C 210 356
C 210 355
C 210 354
C 210 353
C 210 352
C 210 351
C 210 350
C 210 349
C 210 348
C 210 347
C 210 346
C 210 345
C 210 344
C 210 343
C 210 342
C 210 341
C 210 340
C 210 339
C 210 338
C 210 337
C 210 336
C 210 335
C 210 334
C 210 333
C 210 332
C 210 331
C 210 330
C 210 329
C 210 328
C 210 327
C 210 326
C 210 325
C 210 324
C 210 323
C 210 322
C 210 321
C 210 320
C 210 319
C 210 318
C 210 317
C 210 316
C 210 315
C 210 314
C 210 313
C 210 312
C 210 311
C 210 310
C 210 309
C 210 308
C 210 307
C 210 306
C 210 305
C 210 304
C 210 303
C 210 302
C 210 301
C 210 300
C 210 299
C 210 298
C 210 297
C 210 296
C 210 295
C 210 294
C 210 293
C 210 292
C 210 291
C 210 290
C 210 289
C 210 288
C 210 287
C 210 286
C 210 285
C 210 284
C 210 283
C 210 282
C 210 281
C 210 280
C 210 279
C 210 278
C 210 277
C 210 276
C 210 275
C 210 274
C 210 273
C 210 272
C 210 271
C 210 270
C 210 269
C 210 268
C 210 267
C 210 266
C 210 265
C 210 264
C 210 263
C 210 262
C 210 261
C 210 260
C 210 259
C 210 258
C 210 257
C 210 256
C 210 255
C 210 254
C 210 253
C 210 252
C 210 251
C 210 250
C 210 249
C 210 248
C 210 247
C 210 246
C 210 245
C 210 244
C 210 243
C 210 242
C 210 241
C 210 240
C 210 239
C 210 238
C 210 237
C 210 236
C 210 235
C 210 234
C 210 233
C 210 232
C 210 231
C 210 230
C 210 229
C 210 228
C 210 227
C 210 226
C 210 225
C 210 224
C 210 223
C 210 222
C 210 221
C 210 220
C 210 219
C 210 218
C 210 217
C 210 216
C 210 215
C 210 214
C 210 213
C 210 212
C 210 211
C 210 210
C 210 209
C 210 208
C 210 207
C 210 206
C 210 205
C 210 204
C 210 203
C 210 202
C 210 201
C 210 200
3 38 6
3 39 6
3 40 6
3 41 6
3 42 6
3 43 6
3 44 6
3 45 6
3 46 6
3 47 6
3 48 6
3 49 6
3 50 6
3 51 6
3 52 6
3 53 6
3 54 6
3 55 6
3 56 6
3 57 6
3 58 6
3 59 6
3 60 6
3 61 6
3 62 6
3 63 6
3 64 6
3 65 6
3 66 6
3 67 6
3 68 6
3 69 6
3 70 6
3 71 6
3 72 6
3 73 6
3 74 6
3 75 6
3 76 6
3 77 6
3 78 6
3 79 6
3 80 6
3 81 6
3 82 6
3 83 6
3 84 6
3 85 6
3 86 6
3 87 6
3 88 6
3 89 6
3 90 6
3 91 6
3 92 6
3 93 6
3 94 6
3 95 6
3 96 6
3 97 6
3 98 6
3 99 6
3 100 6
3 101 6
3 102 6
3 103 6
3 104 6
3 105 6
3 106 6
3 107 6
3 108 6
3 109 6
3 110 6
3 111 6
3 112 6
3 113 6
3 114 6
3 115 6
3 116 6
3 117 6
3 118 6
3 119 6
3 120 6
3 121 6
3 122 6
3 123 6
3 124 6
3 125 6
3 126 6
3 127 6
3 128 6
3 129 6
3 130 6
3 131 6
3 132 6
3 133 6
3 134 6
3 135 6
3 136 6
3 137 6
3 138 6
3 139 6
3 140 6
3 141 6
3 142 6
3 143 6
3 144 6
3 145 6
3 146 6
3 147 6
3 148 6
3 149 6
3 150 6
3 151 6
3 152 6
3 153 6
3 154 6
3 155 6
3 156 6
3 157 6
3 158 6
3 159 6
3 160 6
3 161 6
3 162 6
3 163 6
3 164 6
3 165 6
3 166 6
3 167 6
3 168 6
3 169 6
3 170 6
3 171 6
3 172 6
3 173 6
3 174 6
3 175 6
3 176 6
3 177 6
3 178 6
3 179 6
3 180 6
3 181 6
3 182 6
3 183 6
3 184 6
3 185 6
3 186 6
3 187 6
3 188 6
3 189 6
3 190 6
3 191 6
3 192 6
3 193 6
3 194 6
3 195 6
3 196 6
3 197 6
3 198 6
3 199 6
3 200 6
3 201 6
3 202 6
3 203 6
3 204 6
3 205 6
3 206 6
3 207 6
3 208 6
3 209 6
3 210 6
3 211 6
3 212 6
3 213 6
3 214 6
3 215 6
3 216 6
3 217 6
3 218 6
3 219 6
3 220 6
3 221 6
3 222 6
3 223 6
3 224 6
3 225 6
3 226 6
3 227 6
3 228 6
3 229 6
3 230 6
3 231 6
3 232 6
3 233 6
3 234 6
3 235 6
3 236 6
3 237 6
3 238 6
3 239 6
3 240 6
3 241 6
3 242 6
3 243 6
3 244 6
3 245 6
3 246 6
3 247 6
3 248 6
3 249 6
3 250 6
3 251 6
3 252 6
3 253 6
3 254 6
3 255 6
3 256 6
3 257 6
3 258 6
3 259 6
3 260 6
3 261 6
3 262 6
3 263 6
3 264 6
3 265 6
3 266 6
3 267 6
3 268 6
3 269 6
3 270 6
3 271 6
3 272 6
3 273 6
3 274 6
3 275 6
3 276 6
3 277 6
3 278 6
3 279 6
3 280 6
3 281 6
3 282 6
3 283 6
3 284 6
3 285 6
3 286 6
3 287 6
3 288 6
3 289 6
3 290 6
3 291 6
3 292 6
3 293 6
3 294 6
3 295 6
3 296 6
3 297 6
3 298 6
3 299 6
3 300 6
3 301 6
3 302 6
3 303 6
3 304 6
3 305 6
3 306 6
3 307 6
3 308 6
3 309 6
C 309 7
C 309 8
C 309 9
C 309 10
C 309 11
C 309 12
C 309 13
C 309 14
C 309 15
C 309 16
C 309 17
C 309 18
C 309 19
C 309 20
C 309 21
C 309 22
C 309 23
C 309 24
C 309 25
C 309 26
C 309 27
C 309 28
C 309 29
C 309 30
C 309 31
C 309 32
C 309 33
C 309 34
C 309 35
C 309 36
C 309 37
C 309 38
C 309 39
C 309 40
C 309 41
C 309 42
C 309 43
C 309 44
C 309 45
C 309 46
C 309 47
C 309 48
C 309 49
C 309 50
C 309 51
C 309 52
C 309 53
C 309 54
C 309 55
C 309 56
C 309 57
C 309 58
C 309 59
C 309 60
C 309 61
C 309 62
C 309 63
C 309 64
C 309 65
C 309 66
C 309 67
C 309 68
C 309 69
C 309 70
C 309 71
C 309 72
C 309 73
C 309 74
C 309 75
C 309 76
C 309 77
C 309 78
C 309 79
C 309 80
C 309 81
C 309 82
C 309 83
C 309 84
C 309 85
C 309 86
C 309 87
C 309 88
C 309 89
C 309 90
C 309 91
C 309 92
C 309 93
C 309 94
C 309 95
C 309 96
C 309 97
C 309 98
C 309 99
C 309 100
C 309 101
C 309 102
C 309 103
C 309 104
C 309 105
C 309 106
C 309 107
C 309 108
C 309 109
C 309 110
C 309 111
C 309 112
C 309 113
C 309 114
C 309 115
C 309 116
C 309 117
C 309 118
C 309 119
C 309 120
C 309 121
C 309 122
C 309 123
C 309 124
C 309 125
C 309 126
C 309 127
C 309 128
C 309 129
C 309 130
C 309 131
C 309 132
C 309 133
C 309 134
C 309 135
C 309 136
C 309 137
C 309 138
C 309 139
C 309 140
C 309 141
C 309 142
C 309 143
C 309 144
C 309 145
C 309 146
C 309 147
C 309 148
C 309 149
C 309 150
C 309 151
C 309 152
C 309 153
C 309 154
C 309 155
C 309 156
C 309 157
C 309 158
C 309 159
C 309 160
C 309 161
C 309 162
C 309 163
C 309 164
C 309 165
C 309 166
C 309 167
C 309 168
C 309 169
C 309 170
C 309 171
C 309 172
C 309 173
C 309 174
C 309 175
C 309 176
C 309 177
C 309 178
C 309 179
C 309 180
C 309 181
C 309 182
C 309 183
C 309 184
C 309 185
C 309 186
C 309 187
C 309 188
C 309 189
C 309 190
C 309 191
C 309 192
C 309 193
C 309 194
C 309 195
C 309 196
C 309 197
C 309 198
C 309 199
C 309 200
C 309 201
C 309 202
C 309 203
C 309 204
C 309 205
3 38 6
3 39 6
3 40 6
3 41 6
3 42 6
3 43 6
3 44 6
3 45 6
3 46 6
3 47 6
3 48 6
3 49 6
3 50 6
3 51 6
3 52 6
3 53 6
3 54 6
3 55 6
3 56 6
3 57 6
3 58 6
3 59 6
3 60 6
3 61 6
3 62 6
3 63 6
3 64 6
3 65 6
3 66 6
3 67 6
3 68 6
3 69 6
3 70 6
3 71 6
3 72 6
3 73 6
3 74 6
3 75 6
3 76 6
3 77 6
3 78 6
3 79 6
3 80 6
3 81 6
3 82 6
3 83 6
3 84 6
3 85 6
3 86 6
3 87 6
3 88 6
3 89 6
3 90 6
3 91 6
3 92 6
3 93 6
3 94 6
3 95 6
3 96 6
3 97 6
3 98 6
3 99 6
3 100 6
3 101 6
3 102 6
3 103 6
3 104 6
3 105 6
3 106 6
3 107 6
3 108 6
3 109 6
3 110 6
3 111 6
3 112 6
3 113 6
3 114 6
3 115 6
3 116 6
3 117 6
3 118 6
3 119 6
3 120 6
3 121 6
3 122 6
3 123 6
3 124 6
3 125 6
3 126 6
3 127 6
3 128 6
3 129 6
3 130 6
3 131 6
3 132 6
3 133 6
3 134 6
3 135 6
3 136 6
3 137 6
3 138 6
3 139 6
3 140 6
3 141 6
3 142 6
3 143 6
3 144 6
3 145 6
3 146 6
3 147 6
3 148 6
3 149 6
3 150 6
3 151 6
3 152 6
3 153 6
3 154 6
3 155 6
3 156 6
3 157 6
3 158 6
3 159 6
3 160 6
3 161 6
3 162 6
3 163 6
3 164 6
3 165 6
3 166 6
3 167 6
3 168 6
3 169 6
3 170 6
3 171 6
3 172 6
3 173 6
3 174 6
3 175 6
3 176 6
3 177 6
3 178 6
3 179 6
3 180 6
3 181 6
3 182 6
3 183 6
3 184 6
3 185 6
3 186 6
3 187 6
3 188 6
3 189 6
3 190 6
3 191 6
3 192 6
3 193 6
3 194 6
3 195 6
3 196 6
3 197 6
3 198 6
3 199 6
3 200 6
3 201 6
3 202 6
3 203 6
3 204 6
3 205 6
3 206 6
3 207 6
3 208 6
3 209 6
3 210 6
C 210 7
C 210 8
C 210 9
C 210 10
C 210 11
C 210 12
C 210 13
C 210 14
C 210 15
C 210 16
C 210 17
C 210 18
C 210 19
C 210 20
C 210 21
C 210 22
C 210 23
C 210 24
C 210 25
C 210 26
C 210 27
C 210 28
C 210 29
C 210 30
C 210 31
C 210 32
C 210 33
C 210 34
C 210 35
C 210 36
C 210 37
C 210 38
C 210 39
C 210 40
C 210 41
C 210 42
C 210 43
C 210 44
C 210 45
C 210 46
C 210 47
C 210 48
C 210 49
C 210 50
C 210 51
C 210 52
C 210 53
C 210 54
C 210 55
C 210 56
C 210 57
C 210 58
C 210 59
C 210 60
C 210 61
C 210 62
C 210 63
C 210 64
C 210 65
C 210 66
C 210 67
C 210 68
C 210 69
C 210 70
C 210 71
C 210 72
C 210 73
C 210 74
C 210 75
C 210 76
C 210 77
C 210 78
C 210 79
C 210 80
C 210 81
C 210 82
C 210 83
C 210 84
C 210 85
C 210 86
C 210 87
C 210 88
C 210 89
C 210 90
C 210 91
C 210 92
C 210 93
C 210 94
C 210 95
C 210 96
C 210 97
C 210 98
C 210 99
C 210 100
C 210 101
C 210 102
C 210 103
C 210 104
C 210 105
C 210 106
C 210 107
C 210 108
C 210 109
C 210 110
C 210 111
C 210 112
C 210 113
C 210 114
C 210 115
C 210 116
C 210 117
C 210 118
C 210 119
C 210 120
C 210 121
C 210 122
C 210 123
C 210 124
C 210 125
C 210 126
C 210 127
C 210 128
C 210 129
C 210 130
C 210 131
C 210 132
C 210 133
C 210 134
C 210 135
C 210 136
C 210 137
C 210 138
C 210 139
C 210 140
C 210 141
C 210 142
C 210 143
C 210 144
C 210 145
C 210 146
C 210 147
C 210 148
C 210 149
C 210 150
C 210 151
C 210 152
C 210 153
C 210 154
C 210 155
C 210 156
C 210 157
C 210 158
C 210 159
C 210 160
C 210 161
C 210 162
C 210 163
C 210 164
C 210 165
C 210 166
C 210 167
C 210 168
C 210 169
C 210 170
C 210 171
C 210 172
C 210 173
C 210 174
C 210 175
C 210 176
C 210 177
C 210 178
C 210 179
C 210 180
C 210 181
C 210 182
C 210 183
C 210 184
C 210 185
C 210 186
C 210 187
C 210 188
C 210 189
C 210 190
C 210 191
C 210 192
C 210 193
C 210 194
C 210 195
C 210 196
C 210 197
C 210 198
3 308 206
3 307 206
3 306 206
3 305 206
3 304 206
3 303 206
3 302 206
3 301 206
3 300 206
3 299 206
3 298 206
3 297 206
3 296 206
3 295 206
3 294 206
3 293 206
3 292 206
3 291 206
3 290 206
3 289 206
3 288 206
3 287 206
3 286 206
3 285 206
3 284 206
3 283 206
3 282 206
3 281 206
3 280 206
3 279 206
3 278 206
3 277 206
3 276 206
3 275 206
3 274 206
3 273 206
3 272 206
3 271 206
3 270 206
3 269 206
3 268 206
3 267 206
3 266 206
3 265 206
3 264 206
3 263 206
3 262 206
3 261 206
3 260 206
3 259 206
3 258 206
3 257 206
3 256 206
3 255 206
3 254 206
3 253 206
3 252 206
3 251 206
3 250 206
3 249 206
3 248 206
3 247 206
3 246 206
3 245 206
3 244 206
3 243 206
3 242 206
3 241 206
3 240 206
3 239 206
3 238 206
3 237 206
3 236 206
3 235 206
3 234 206
3 233 206
3 232 206
3 231 206
3 230 206
3 229 206
3 228 206
3 227 206
3 226 206
3 225 206
3 224 206
3 223 206
3 222 206
3 221 206
3 220 206
3 219 206
3 218 206
3 217 206
3 216 206
3 215 206
3 214 206
3 213 206
3 212 206
3 211 206
3 210 206
C 210 205
C 210 204
C 210 203
C 210 202
C 210 201
C 210 200
