3 535 390
3 534 390
3 533 390
3 532 390
3 531 390
3 530 390
3 529 390
3 528 390
3 527 390
3 526 390
3 525 390
3 524 390
3 523 390
3 522 390
3 521 390
3 520 390
3 519 390
3 518 390
3 517 390
3 516 390
3 515 390
3 514 390
3 513 390
3 512 390
3 511 390
3 510 390
3 509 390
3 508 390
3 507 390
3 506 390
3 505 390
3 504 390
3 503 390
3 502 390
3 501 390
3 500 390
3 499 390
3 498 390
3 497 390
3 496 390
3 495 390
3 494 390
3 493 390
3 492 390
3 491 390
3 490 390
3 489 390
3 488 390
3 487 390
3 486 390
3 485 390
3 484 390
3 483 390
3 482 390
3 481 390
3 480 390
3 479 390
3 478 390
3 477 390
3 476 390
3 475 390
3 474 390
3 473 390
3 472 390
3 471 390
3 470 390
3 469 390
3 468 390
3 467 390
3 466 390
3 465 390
3 464 390
3 463 390
3 462 390
3 461 390
3 460 390
3 459 390
3 458 390
3 457 390
3 456 390
3 455 390
3 454 390
3 453 390
3 452 390
3 451 390
3 450 390
3 449 390
3 448 390
3 447 390
3 446 390
3 445 390
3 444 390
3 443 390
3 442 390
3 441 390
3 440 390
3 439 390
3 438 390
3 437 390
3 436 390
3 435 390
3 434 390
3 433 390
3 432 390
3 431 390
3 430 390
3 429 390
3 428 390
3 427 390
3 426 390
3 425 390
3 424 390
3 423 390
3 422 390
3 421 390
3 420 390
3 419 390
3 418 390
3 417 390
3 416 390
3 415 390
3 414 390
3 413 390
3 412 390
3 411 390
3 410 390
3 409 390
3 408 390
3 407 390
3 406 390
3 405 390
3 404 390
3 403 390
3 402 390
3 401 390
3 400 390
3 399 390
3 398 390
3 397 390
3 396 390
3 395 390
3 394 390
3 393 390
3 392 390
3 391 390
3 390 390
3 389 390
3 388 390
3 387 390
3 386 390
3 385 390
3 384 390
3 383 390
3 382 390
3 381 390
3 380 390
3 379 390
3 378 390
3 377 390
3 376 390
3 375 390
3 374 390
3 373 390
3 372 390
3 371 390
3 370 390
3 369 390
3 368 390
3 367 390
3 366 390
3 365 390
3 364 390
3 363 390
3 362 390
3 361 390
3 360 390
3 359 390
3 358 390
3 357 390
3 356 390
3 355 390
3 354 390
3 353 390
3 352 390
3 351 390
3 350 390
3 349 390
3 348 390
3 347 390
3 346 390
3 345 390
3 344 390
3 343 390
3 342 390
3 341 390
3 340 390
3 339 390
3 338 390
3 337 390
3 336 390
3 335 390
3 334 390
3 333 390
3 332 390
3 331 390
3 330 390
3 329 390
3 328 390
3 327 390
3 326 390
3 325 390
3 324 390
3 323 390
3 322 390
3 321 390
3 320 390
3 319 390
3 318 390
3 317 390
3 316 390
3 315 390
3 314 390
3 313 390
3 312 390
3 311 390
3 310 390
3 309 390
3 308 390
3 307 390
3 306 390
3 305 390
3 304 390
3 303 390
3 302 390
3 301 390
3 300 390
3 299 390
3 298 390
3 297 390
3 296 390
3 295 390
3 294 390
3 293 390
3 292 390
3 291 390
3 290 390
3 289 390
3 288 390
3 287 390
3 286 390
3 285 390
3 284 390
3 283 390
3 282 390
3 281 390
3 280 390
3 279 390
3 278 390
3 277 390
3 276 390
3 275 390
3 274 390
3 273 390
3 272 390
3 271 390
3 270 390
3 269 390
3 268 390
3 267 390
3 266 390
3 265 390
3 264 390
3 263 390
3 262 390
3 261 390
3 260 390
3 259 390
3 258 390
3 257 390
3 256 390
3 255 390
3 254 390
3 253 390
3 252 390
3 251 390
3 250 390
3 249 390
3 248 390
3 247 390
3 246 390
3 245 390
3 244 390
3 243 390
3 242 390
3 241 390
3 240 390
3 239 390
3 238 390
3 237 390
3 236 390
3 235 390
3 234 390
3 233 390
3 232 390
3 231 390
3 230 390
3 229 390
3 228 390
3 227 390
3 226 390
3 225 390
3 224 390
3 223 390
3 222 390
3 221 390
3 220 390
3 219 390
3 218 390
3 217 390
3 216 390
3 215 390
3 214 390
3 213 390
3 212 390
3 211 390
3 210 390
3 209 390
3 208 390
3 207 390
3 206 390
3 205 390
3 204 390
3 203 390
3 202 390
3 201 390
3 200 390
3 199 390
3 198 390
3 197 390
3 196 390
3 195 390
3 194 390
3 193 390
3 192 390
3 191 390
3 190 390
3 189 390
3 188 390
3 187 390
3 186 390
3 185 390
3 184 390
3 183 390
3 182 390
3 181 390
3 180 390
3 179 390
3 178 390
3 177 390
3 176 390
3 175 390
3 174 390
3 173 390
3 172 390
3 171 390
3 170 390
3 169 390
3 168 390
3 167 390
3 166 390
3 165 390
3 164 390
3 163 390
3 162 390
3 161 390
3 160 390
3 159 390
3 158 390
3 157 390
3 156 390
3 155 390
3 154 390
3 153 390
3 152 390
3 151 390
3 150 390
3 149 390
3 148 390
3 147 390
3 146 390
3 537 390
3 538 390
3 539 390
3 540 390
3 541 390
3 542 390
3 543 390
3 544 390
3 545 390
3 546 390
3 547 390
3 548 390
3 549 390
3 550 390
3 551 390
3 552 390
3 553 390
3 554 390
3 555 390
3 556 390
3 557 390
3 558 390
3 559 390
3 560 390
3 561 390
3 562 390
3 563 390
3 564 390
3 565 390
3 566 390
3 567 390
3 568 390
3 569 390
3 570 390
3 571 390
3 572 390
3 573 390
3 574 390
3 575 390
3 576 390
3 577 390
3 578 390
3 579 390
3 580 390
3 581 390
3 582 390
3 583 390
3 584 390
3 585 390
3 586 390
3 587 390
3 588 390
3 589 390
3 590 390
3 591 390
3 592 390
3 593 390
3 594 390
3 595 390
3 596 390
3 597 390
3 598 390
3 599 390
3 600 390
3 601 390
3 602 390
3 603 390
3 604 390
3 605 390
3 606 390
3 607 390
3 608 390
3 609 390
3 610 390
3 611 390
3 612 390
3 613 390
3 614 390
3 615 390
3 616 390
3 617 390
3 618 390
3 619 390
3 620 390
3 621 390
3 622 390
3 623 390
3 624 390
3 625 390
3 626 390
3 627 390
3 628 390
3 629 390
3 630 390
3 631 390
3 632 390
C 632 389
C 632 388
C 632 387
C 632 386
C 632 385
C 632 384
C 632 383
C 632 382
C 632 381
C 632 380
C 632 379
C 632 378
C 632 377
C 632 376
C 632 375
C 632 374
C 632 373
C 632 372
C 632 371
C 632 370
C 632 369
C 632 368
C 632 367
C 632 366
C 632 365
C 632 364
C 632 363
C 632 362
C 632 361
C 632 360
C 632 359
C 632 358
C 632 357
C 632 356
C 632 355
C 632 354
C 632 353
C 632 352
C 632 351
C 632 350
C 632 349
C 632 348
C 632 347
C 632 346
C 632 345
C 632 344
C 632 343
C 632 342
C 632 341
C 632 340
C 632 339
C 632 338
C 632 337
C 632 336
C 632 335
C 632 334
C 632 333
C 632 332
C 632 331
C 632 330
C 632 329
C 632 328
C 632 327
C 632 326
C 632 325
C 632 324
C 632 323
C 632 322
C 632 321
C 632 320
C 632 319
C 632 318
C 632 317
C 632 316
C 632 315
C 632 314
C 632 313
C 632 312
C 632 311
C 632 310
3 537 390
3 538 390
3 539 390
3 540 390
3 541 390
3 542 390
3 543 390
3 544 390
3 545 390
3 546 390
3 547 390
3 548 390
3 549 390
3 550 390
3 551 390
3 552 390
3 553 390
3 554 390
3 555 390
3 556 390
3 557 390
3 558 390
3 559 390
3 560 390
3 561 390
3 562 390
3 563 390
3 564 390
3 565 390
3 566 390
3 567 390
3 568 390
3 569 390
3 570 390
3 571 390
3 572 390
3 573 390
3 574 390
3 575 390
3 576 390
3 577 390
3 578 390
3 579 390
3 580 390
3 581 390
3 582 390
3 583 390
3 584 390
3 585 390
3 586 390
3 587 390
3 588 390
3 589 390
3 590 390
3 591 390
3 592 390
3 593 390
3 594 390
3 595 390
3 596 390
3 597 390
3 598 390
3 599 390
3 600 390
3 601 390
3 602 390
3 603 390
3 604 390
3 605 390
3 606 390
3 607 390
3 608 390
3 609 390
3 610 390
3 611 390
3 612 390
3 613 390
3 614 390
3 615 390
3 616 390
3 617 390
3 618 390
3 619 390
3 620 390
3 621 390
3 622 390
3 623 390
3 624 390
3 625 390
3 626 390
3 627 390
3 628 390
3 629 390
3 630 390
3 631 390
3 632 390
3 633 390
3 634 390
3 635 390
3 636 390
3 637 390
3 638 390
3 639 390
3 640 390
3 641 390
3 642 390
3 643 390
3 644 390
3 645 390
3 646 390
3 647 390
3 648 390
3 649 390
3 650 390
3 651 390
3 652 390
3 653 390
3 654 390
3 655 390
3 656 390
3 657 390
3 658 390
3 659 390
3 660 390
3 661 390
3 662 390
3 663 390
3 664 390
3 665 390
3 666 390
3 667 390
3 668 390
3 669 390
3 670 390
3 671 390
3 672 390
3 673 390
3 674 390
3 675 390
3 676 390
3 677 390
3 678 390
3 679 390
3 680 390
3 681 390
3 682 390
C 682 389
C 682 388
C 682 387
C 682 386
C 682 385
C 682 384
C 682 383
C 682 382
C 682 381
C 682 380
C 682 379
C 682 378
C 682 377
C 682 376
C 682 375
C 682 374
C 682 373
C 682 372
C 682 371
C 682 370
C 682 369
C 682 368
C 682 367
C 682 366
C 682 365
C 682 364
C 682 363
C 682 362
C 682 361
C 682 360
C 682 359
C 682 358
C 682 357
C 682 356
C 682 355
C 682 354
C 682 353
C 682 352
C 682 351
C 682 350
C 682 349
C 682 348
C 682 347
C 682 346
C 682 345
C 682 344
C 682 343
C 682 342
C 682 341
C 682 340
C 682 339
C 682 338
C 682 337
C 682 336
C 682 335
C 682 334
C 682 333
C 682 332
C 682 331
C 682 330
C 682 329
C 682 328
C 682 327
C 682 326
C 682 325
C 682 324
C 682 323
C 682 322
C 682 321
C 682 320
C 682 319
C 682 318
C 682 317
C 682 316
C 682 315
C 682 314
C 682 313
C 682 312
C 682 311
C 682 310
C 682 309
C 682 308
C 682 307
C 682 306
C 682 305
C 682 304
C 682 303
C 682 302
C 682 301
C 682 300
C 682 299
C 682 298
C 682 297
C 682 296
C 682 295
C 682 294
C 682 293
C 682 292
C 682 291
C 682 290
C 682 289
C 682 288
C 682 287
C 682 286
C 682 285
C 682 284
C 682 283
C 682 282
C 682 281
C 682 280
C 682 279
C 682 278
C 682 277
C 682 276
C 682 275
C 682 274
C 682 273
C 682 272
C 682 271
C 682 270
C 682 269
C 682 268
C 682 267
C 682 266
C 682 265
C 682 264
C 682 263
C 682 262
C 682 261
C 682 260
C 682 259
C 682 258
C 682 257
C 682 256
C 682 255
C 682 254
C 682 253
C 682 252
C 682 251
C 682 250
C 682 249
C 682 248
C 682 247
C 682 246
C 682 245
C 682 244
C 682 243
C 682 242
C 682 241
C 682 240
C 682 239
C 682 238
C 682 237
C 682 236
C 682 235
C 682 234
C 682 233
C 682 232
C 682 231
C 682 230
C 682 229
C 682 228
C 682 227
C 682 226
C 682 225
C 682 224
C 682 223
C 682 222
C 682 221
C 682 220
C 682 219
C 682 218
C 682 217
C 682 216
C 682 215
C 682 214
C 682 213
C 682 212
C 682 211
C 682 210
C 682 209
C 682 208
C 682 207
C 682 206
C 682 205
C 682 204
C 682 203
C 682 202
C 682 201
C 682 200
C 682 199
C 682 198
C 682 197
C 682 196
C 682 195
C 682 194
C 682 193
3 535 390
3 534 390
3 533 390
3 532 390
3 531 390
3 530 390
3 529 390
3 528 390
3 527 390
3 526 390
3 525 390
3 524 390
3 523 390
3 522 390
3 521 390
3 520 390
3 519 390
3 518 390
3 517 390
3 516 390
3 515 390
3 514 390
3 513 390
3 512 390
3 511 390
3 510 390
3 509 390
3 508 390
3 507 390
3 506 390
3 505 390
3 504 390
3 503 390
3 502 390
3 501 390
3 500 390
3 499 390
3 498 390
3 497 390
3 496 390
3 495 390
3 494 390
3 493 390
3 492 390
3 491 390
3 490 390
3 489 390
3 488 390
3 487 390
3 486 390
3 485 390
3 484 390
3 483 390
3 482 390
3 481 390
3 480 390
3 479 390
3 478 390
3 477 390
3 476 390
3 475 390
3 474 390
3 473 390
3 472 390
3 471 390
3 470 390
3 469 390
3 468 390
3 467 390
3 466 390
3 465 390
3 464 390
3 463 390
3 462 390
3 461 390
3 460 390
3 459 390
3 458 390
3 457 390
3 456 390
3 455 390
3 454 390
3 453 390
3 452 390
3 451 390
3 450 390
3 449 390
3 448 390
3 447 390
3 446 390
3 445 390
3 444 390
3 443 390
3 442 390
3 441 390
3 440 390
3 439 390
3 438 390
3 437 390
3 436 390
3 435 390
3 434 390
3 433 390
3 432 390
3 431 390
3 430 390
3 429 390
3 428 390
3 427 390
3 426 390
3 425 390
3 424 390
3 423 390
3 422 390
3 421 390
3 420 390
3 419 390
3 418 390
3 417 390
3 416 390
3 415 390
3 414 390
3 413 390
3 412 390
3 411 390
3 410 390
3 409 390
3 408 390
3 407 390
3 406 390
3 405 390
3 404 390
3 403 390
3 402 390
3 401 390
3 400 390
3 399 390
3 398 390
3 397 390
3 396 390
3 395 390
3 394 390
3 393 390
3 392 390
3 391 390
3 390 390
3 389 390
3 388 390
3 387 390
3 386 390
3 385 390
3 384 390
3 383 390
3 382 390
3 381 390
3 380 390
3 379 390
3 378 390
3 377 390
3 376 390
3 375 390
3 374 390
3 373 390
3 372 390
3 371 390
3 370 390
3 369 390
3 368 390
3 367 390
3 366 390
3 365 390
3 364 390
3 363 390
3 362 390
3 361 390
3 360 390
3 359 390
3 358 390
3 357 390
3 356 390
3 355 390
3 354 390
3 353 390
3 352 390
3 351 390
3 350 390
3 349 390
3 348 390
3 347 390
3 346 390
3 345 390
3 344 390
3 343 390
3 342 390
3 341 390
3 340 390
3 339 390
3 338 390
3 337 390
3 336 390
3 335 390
3 334 390
3 333 390
3 332 390
3 331 390
3 330 390
3 329 390
3 328 390
3 327 390
3 326 390
3 325 390
3 324 390
3 323 390
3 322 390
3 321 390
3 320 390
3 319 390
3 318 390
3 317 390
3 316 390
3 315 390
3 314 390
3 313 390
3 312 390
3 311 390
3 310 390
3 309 390
3 308 390
3 307 390
3 306 390
3 305 390
3 304 390
3 303 390
3 302 390
3 301 390
3 300 390
3 299 390
3 298 390
3 297 390
3 296 390
3 295 390
3 294 390
3 293 390
3 292 390
3 291 390
3 290 390
3 289 390
3 288 390
3 287 390
3 286 390
3 285 390
3 284 390
3 283 390
3 282 390
3 281 390
3 280 390
3 279 390
3 278 390
3 277 390
3 276 390
3 275 390
3 274 390
3 273 390
3 272 390
3 271 390
3 270 390
3 269 390
3 268 390
3 267 390
3 266 390
3 265 390
3 264 390
3 263 390
3 262 390
3 261 390
3 260 390
3 259 390
3 258 390
3 257 390
3 256 390
3 255 390
3 254 390
3 253 390
3 252 390
3 251 390
3 250 390
3 249 390
3 248 390
3 247 390
3 246 390
3 245 390
3 244 390
3 243 390
3 242 390
3 241 390
3 240 390
3 239 390
3 238 390
3 237 390
3 236 390
3 235 390
3 234 390
3 233 390
3 232 390
3 231 390
3 230 390
3 229 390
3 228 390
3 227 390
3 226 390
3 225 390
3 224 390
3 223 390
3 222 390
3 221 390
3 220 390
3 219 390
3 218 390
3 217 390
3 216 390
3 215 390
3 214 390
3 213 390
3 212 390
3 211 390
3 210 390
3 209 390
3 208 390
3 207 390
3 206 390
3 205 390
C 205 389
C 205 388
C 205 387
C 205 386
C 205 385
C 205 384
C 205 383
C 205 382
C 205 381
C 205 380
C 205 379
C 205 378
C 205 377
C 205 376
C 205 375
C 205 374
C 205 373
C 205 372
C 205 371
C 205 370
C 205 369
C 205 368
C 205 367
C 205 366
C 205 365
C 205 364
C 205 363
C 205 362
C 205 361
C 205 360
C 205 359
C 205 358
C 205 357
C 205 356
C 205 355
C 205 354
C 205 353
C 205 352
C 205 351
C 205 350
C 205 349
C 205 348
C 205 347
C 205 346
C 205 345
C 205 344
C 205 343
C 205 342
C 205 341
C 205 340
C 205 339
C 205 338
C 205 337
C 205 336
C 205 335
C 205 334
C 205 333
C 205 332
C 205 331
C 205 330
C 205 329
C 205 328
3 535 390
3 534 390
3 533 390
3 532 390
3 531 390
3 530 390
3 529 390
3 528 390
3 527 390
3 526 390
3 525 390
3 524 390
3 523 390
3 522 390
3 521 390
3 520 390
3 519 390
3 518 390
3 517 390
3 516 390
3 515 390
3 514 390
3 513 390
3 512 390
3 511 390
3 510 390
3 509 390
3 508 390
3 507 390
3 506 390
3 505 390
3 504 390
3 503 390
3 502 390
3 501 390
3 500 390
3 499 390
3 498 390
3 497 390
3 496 390
3 495 390
3 494 390
3 493 390
3 492 390
3 491 390
3 490 390
3 489 390
3 488 390
3 487 390
3 486 390
3 485 390
3 484 390
3 483 390
3 482 390
3 481 390
3 480 390
3 479 390
3 478 390
3 477 390
3 476 390
3 475 390
3 474 390
3 473 390
3 472 390
3 471 390
3 470 390
3 469 390
3 468 390
3 467 390
3 466 390
3 465 390
3 464 390
3 463 390
3 462 390
3 461 390
3 460 390
3 459 390
3 458 390
3 457 390
3 456 390
3 455 390
3 454 390
3 453 390
3 452 390
3 451 390
3 450 390
3 449 390
3 448 390
3 447 390
3 446 390
3 445 390
3 444 390
3 443 390
3 442 390
C 442 389
C 442 388
C 442 387
C 442 386
C 442 385
C 442 384
C 442 383
C 442 382
C 442 381
C 442 380
C 442 379
C 442 378
C 442 377
C 442 376
C 442 375
C 442 374
C 442 373
C 442 372
C 442 371
C 442 370
C 442 369
C 442 368
C 442 367
C 442 366
C 442 365
C 442 364
C 442 363
C 442 362
C 442 361
C 442 360
C 442 359
C 442 358
C 442 357
C 442 356
C 442 355
C 442 354
C 442 353
C 442 352
C 442 351
C 442 350
C 442 349
C 442 348
C 442 347
C 442 346
C 442 345
C 442 344
C 442 343
C 442 342
C 442 341
C 442 340
C 442 339
C 442 338
C 442 337
C 442 336
C 442 335
C 442 334
C 442 333
C 442 332
C 442 331
C 442 330
C 442 329
3 146 390
3 147 390
3 148 390
3 149 390
3 150 390
3 151 390
3 152 390
3 153 390
3 154 390
3 155 390
3 156 390
3 157 390
3 158 390
3 159 390
3 160 390
3 161 390
3 162 390
3 163 390
3 164 390
3 165 390
3 166 390
3 167 390
3 168 390
3 169 390
3 170 390
3 171 390
3 172 390
3 173 390
3 174 390
3 175 390
3 176 390
3 177 390
3 178 390
3 179 390
3 180 390
3 181 390
3 182 390
3 183 390
3 184 390
3 185 390
3 186 390
3 187 390
3 188 390
3 189 390
3 190 390
3 191 390
3 192 390
3 193 390
3 194 390
3 195 390
3 196 390
3 197 390
3 198 390
3 199 390
3 200 390
3 201 390
3 202 390
3 203 390
3 204 390
3 205 390
3 206 390
3 207 390
3 208 390
3 209 390
3 210 390
3 211 390
3 212 390
3 213 390
3 214 390
3 215 390
3 216 390
3 217 390
3 218 390
3 219 390
3 220 390
3 221 390
3 222 390
3 223 390
3 224 390
3 225 390
3 226 390
3 227 390
3 228 390
3 229 390
3 230 390
3 231 390
3 232 390
3 233 390
3 234 390
3 235 390
3 236 390
3 237 390
3 238 390
3 239 390
3 240 390
3 241 390
3 242 390
3 243 390
3 244 390
3 245 390
3 246 390
3 247 390
3 248 390
3 249 390
3 250 390
3 251 390
3 252 390
3 253 390
3 254 390
3 255 390
3 256 390
3 257 390
3 258 390
3 259 390
3 260 390
3 261 390
3 262 390
3 263 390
3 264 390
3 265 390
3 266 390
3 267 390
3 268 390
3 269 390
3 270 390
3 271 390
3 272 390
3 273 390
3 274 390
3 275 390
3 276 390
3 277 390
3 278 390
3 279 390
3 280 390
3 281 390
3 282 390
3 283 390
3 284 390
3 285 390
3 286 390
3 287 390
3 288 390
3 289 390
3 290 390
3 291 390
3 292 390
3 293 390
3 294 390
3 295 390
3 296 390
3 297 390
3 298 390
3 299 390
3 300 390
3 301 390
3 302 390
3 303 390
3 304 390
3 305 390
3 306 390
3 307 390
3 308 390
3 309 390
3 310 390
3 311 390
3 312 390
3 313 390
3 314 390
3 315 390
3 316 390
3 317 390
3 318 390
3 319 390
3 320 390
3 321 390
3 322 390
3 323 390
3 324 390
3 325 390
3 326 390
3 327 390
3 328 390
3 329 390
3 330 390
3 331 390
3 332 390
3 333 390
3 334 390
3 335 390
3 336 390
3 337 390
3 338 390
3 339 390
3 340 390
3 341 390
3 342 390
3 343 390
3 344 390
3 345 390
3 346 390
3 347 390
3 348 390
3 349 390
3 350 390
3 351 390
3 352 390
3 353 390
3 354 390
3 355 390
3 356 390
3 357 390
3 358 390
3 359 390
3 360 390
3 361 390
3 362 390
3 363 390
3 364 390
3 365 390
3 366 390
3 367 390
3 368 390
3 369 390
3 370 390
3 371 390
3 372 390
3 373 390
3 374 390
3 375 390
3 376 390
3 377 390
3 378 390
3 379 390
3 380 390
3 381 390
3 382 390
3 383 390
3 384 390
3 385 390
3 386 390
3 387 390
3 388 390
3 389 390
3 390 390
3 391 390
3 392 390
3 393 390
3 394 390
3 395 390
3 396 390
3 397 390
3 398 390
3 399 390
3 400 390
3 401 390
3 402 390
3 403 390
3 404 390
3 405 390
3 406 390
3 407 390
3 408 390
3 409 390
3 410 390
3 411 390
3 412 390
3 413 390
3 414 390
3 415 390
3 416 390
3 417 390
3 418 390
3 419 390
3 420 390
3 421 390
3 422 390
3 423 390
3 424 390
3 425 390
3 426 390
3 427 390
3 428 390
3 429 390
3 430 390
3 431 390
3 432 390
3 433 390
3 434 390
3 435 390
3 436 390
3 437 390
3 438 390
3 439 390
3 440 390
3 441 390
3 442 390
3 443 390
3 444 390
3 445 390
3 446 390
3 447 390
3 448 390
3 449 390
3 450 390
3 451 390
3 452 390
3 453 390
3 454 390
3 455 390
3 456 390
3 457 390
3 458 390
3 459 390
3 460 390
3 461 390
3 462 390
3 463 390
3 464 390
3 465 390
3 466 390
3 467 390
3 468 390
3 469 390
3 470 390
3 471 390
3 472 390
3 473 390
3 474 390
3 475 390
3 476 390
3 477 390
3 478 390
3 479 390
3 480 390
3 481 390
3 482 390
3 483 390
3 484 390
3 485 390
3 486 390
3 487 390
3 488 390
3 489 390
3 490 390
3 491 390
3 492 390
3 493 390
3 494 390
3 495 390
3 496 390
3 497 390
3 498 390
3 499 390
3 500 390
3 501 390
3 502 390
3 503 390
3 504 390
3 505 390
3 506 390
3 507 390
3 508 390
3 509 390
3 510 390
3 511 390
3 512 390
3 513 390
3 514 390
3 515 390
3 516 390
3 517 390
3 518 390
3 519 390
3 520 390
3 521 390
3 522 390
3 523 390
3 524 390
3 525 390
3 526 390
3 527 390
3 528 390
3 529 390
3 530 390
3 531 390
3 532 390
3 533 390
3 534 390
3 535 390
3 536 390
3 537 390
3 538 390
3 539 390
3 540 390
3 541 390
3 542 390
3 543 390
3 544 390
3 545 390
3 546 390
3 547 390
3 548 390
3 549 390
3 550 390
3 551 390
3 552 390
3 553 390
3 554 390
3 555 390
3 556 390
3 557 390
3 558 390
3 559 390
3 560 390
3 561 390
3 562 390
3 563 390
3 564 390
3 565 390
3 566 390
3 567 390
3 568 390
3 569 390
3 570 390
3 571 390
3 572 390
3 573 390
3 574 390
3 575 390
3 576 390
3 577 390
3 578 390
3 579 390
3 580 390
3 581 390
3 582 390
3 583 390
3 584 390
3 585 390
3 586 390
3 587 390
3 588 390
3 589 390
3 590 390
3 591 390
3 592 390
3 593 390
3 594 390
3 595 390
3 596 390
3 597 390
3 598 390
3 599 390
3 600 390
3 601 390
3 602 390
3 603 390
3 604 390
3 605 390
3 606 390
3 607 390
3 608 390
3 609 390
3 610 390
3 611 390
3 612 390
3 613 390
3 614 390
3 615 390
3 616 390
3 617 390
3 618 390
3 619 390
3 620 390
3 621 390
3 622 390
3 623 390
3 624 390
3 625 390
3 626 390
3 627 390
3 628 390
3 629 390
3 630 390
3 631 390
3 632 390
C 632 389
C 632 388
C 632 387
C 632 386
C 632 385
C 632 384
C 632 383
C 632 382
C 632 381
C 632 380
C 632 379
C 632 378
C 632 377
C 632 376
C 632 375
C 632 374
C 632 373
C 632 372
C 632 371
C 632 370
C 632 369
C 632 368
C 632 367
C 632 366
C 632 365
C 632 364
C 632 363
C 632 362
C 632 361
C 632 360
C 632 359
C 632 358
C 632 357
C 632 356
C 632 355
C 632 354
C 632 353
C 632 352
C 632 351
C 632 350
C 632 349
C 632 348
C 632 347
C 632 346
C 632 345
C 632 344
C 632 343
C 632 342
C 632 341
C 632 340
C 632 339
C 632 338
C 632 337
C 632 336
C 632 335
C 632 334
C 632 333
C 632 332
C 632 331
C 632 330
C 632 329
C 632 328
C 632 327
C 632 326
C 632 325
C 632 324
C 632 323
C 632 322
C 632 321
C 632 320
C 632 319
C 632 318
C 632 317
C 632 316
C 632 315
C 632 314
C 632 313
C 632 312
C 632 311
C 632 310
3 146 390
3 147 390
3 148 390
3 149 390
3 150 390
3 151 390
3 152 390
3 153 390
3 154 390
3 155 390
3 156 390
3 157 390
3 158 390
3 159 390
3 160 390
3 161 390
3 162 390
3 163 390
3 164 390
3 165 390
3 166 390
3 167 390
3 168 390
3 169 390
3 170 390
3 171 390
3 172 390
3 173 390
3 174 390
3 175 390
3 176 390
3 177 390
3 178 390
3 179 390
3 180 390
3 181 390
3 182 390
3 183 390
3 184 390
3 185 390
3 186 390
3 187 390
3 188 390
3 189 390
3 190 390
3 191 390
3 192 390
3 193 390
3 194 390
3 195 390
3 196 390
3 197 390
3 198 390
3 199 390
3 200 390
3 201 390
3 202 390
3 203 390
3 204 390
3 205 390
3 206 390
3 207 390
3 208 390
3 209 390
3 210 390
3 211 390
3 212 390
3 213 390
3 214 390
3 215 390
3 216 390
3 217 390
3 218 390
3 219 390
3 220 390
3 221 390
3 222 390
3 223 390
3 224 390
3 225 390
3 226 390
3 227 390
3 228 390
3 229 390
3 230 390
3 231 390
3 232 390
3 233 390
3 234 390
3 235 390
3 236 390
3 237 390
3 238 390
3 239 390
3 240 390
3 241 390
3 242 390
3 243 390
3 244 390
3 245 390
3 246 390
3 247 390
3 248 390
3 249 390
3 250 390
3 251 390
3 252 390
3 253 390
3 254 390
3 255 390
3 256 390
3 257 390
3 258 390
3 259 390
3 260 390
3 261 390
3 262 390
3 263 390
3 264 390
3 265 390
3 266 390
3 267 390
3 268 390
3 269 390
3 270 390
3 271 390
3 272 390
3 273 390
3 274 390
3 275 390
3 276 390
3 277 390
3 278 390
3 279 390
3 280 390
3 281 390
3 282 390
3 283 390
3 284 390
3 285 390
3 286 390
3 287 390
3 288 390
3 289 390
3 290 390
3 291 390
3 292 390
3 293 390
3 294 390
3 295 390
3 296 390
3 297 390
3 298 390
3 299 390
3 300 390
3 301 390
3 302 390
3 303 390
3 304 390
3 305 390
3 306 390
3 307 390
3 308 390
3 309 390
3 310 390
3 311 390
3 312 390
3 313 390
3 314 390
3 315 390
3 316 390
3 317 390
3 318 390
3 319 390
3 320 390
3 321 390
3 322 390
3 323 390
3 324 390
3 325 390
3 326 390
3 327 390
3 328 390
3 329 390
3 330 390
3 331 390
3 332 390
3 333 390
3 334 390
3 335 390
3 336 390
3 337 390
3 338 390
3 339 390
3 340 390
3 341 390
3 342 390
3 343 390
3 344 390
3 345 390
3 346 390
3 347 390
3 348 390
3 349 390
3 350 390
3 351 390
3 352 390
3 353 390
3 354 390
3 355 390
3 356 390
3 357 390
3 358 390
3 359 390
3 360 390
3 361 390
3 362 390
3 363 390
3 364 390
3 365 390
3 366 390
3 367 390
3 368 390
3 369 390
3 370 390
3 371 390
3 372 390
3 373 390
3 374 390
3 375 390
3 376 390
3 377 390
3 378 390
3 379 390
3 380 390
3 381 390
3 382 390
3 383 390
3 384 390
3 385 390
3 386 390
3 387 390
3 388 390
3 389 390
3 390 390
3 391 390
3 392 390
3 393 390
3 394 390
3 395 390
3 396 390
3 397 390
3 398 390
3 399 390
3 400 390
3 401 390
3 402 390
3 403 390
3 404 390
3 405 390
3 406 390
3 407 390
3 408 390
3 409 390
3 410 390
3 411 390
3 412 390
3 413 390
3 414 390
3 415 390
3 416 390
3 417 390
3 418 390
3 419 390
3 420 390
3 421 390
3 422 390
3 423 390
3 424 390
3 425 390
3 426 390
3 427 390
3 428 390
3 429 390
3 430 390
3 431 390
3 432 390
3 433 390
3 434 390
3 435 390
3 436 390
3 437 390
3 438 390
3 439 390
3 440 390
3 441 390
3 442 390
3 443 390
3 444 390
3 445 390
3 446 390
3 447 390
3 448 390
3 449 390
3 450 390
3 451 390
3 452 390
3 453 390
3 454 390
3 455 390
3 456 390
3 457 390
3 458 390
3 459 390
3 460 390
3 461 390
3 462 390
3 463 390
3 464 390
3 465 390
3 466 390
3 467 390
3 468 390
3 469 390
3 470 390
3 471 390
3 472 390
3 473 390
3 474 390
3 475 390
3 476 390
3 477 390
3 478 390
3 479 390
3 480 390
3 481 390
3 482 390
3 483 390
3 484 390
3 485 390
3 486 390
3 487 390
3 488 390
3 489 390
3 490 390
3 491 390
3 492 390
3 493 390
3 494 390
3 495 390
3 496 390
3 497 390
3 498 390
3 499 390
3 500 390
3 501 390
3 502 390
3 503 390
3 504 390
3 505 390
3 506 390
3 507 390
3 508 390
3 509 390
3 510 390
3 511 390
3 512 390
3 513 390
3 514 390
3 515 390
3 516 390
3 517 390
3 518 390
3 519 390
3 520 390
3 521 390
3 522 390
3 523 390
3 524 390
3 525 390
3 526 390
3 527 390
3 528 390
3 529 390
3 530 390
3 531 390
3 532 390
3 533 390
3 534 390
3 535 390
3 536 390
3 537 390
3 538 390
3 539 390
3 540 390
3 541 390
3 542 390
3 543 390
3 544 390
3 545 390
3 546 390
3 547 390
3 548 390
3 549 390
3 550 390
3 551 390
3 552 390
3 553 390
3 554 390
3 555 390
3 556 390
3 557 390
3 558 390
3 559 390
3 560 390
3 561 390
3 562 390
3 563 390
3 564 390
3 565 390
3 566 390
3 567 390
3 568 390
3 569 390
3 570 390
3 571 390
3 572 390
3 573 390
3 574 390
3 575 390
3 576 390
3 577 390
3 578 390
3 579 390
3 580 390
3 581 390
3 582 390
3 583 390
3 584 390
3 585 390
3 586 390
3 587 390
3 588 390
3 589 390
3 590 390
3 591 390
3 592 390
3 593 390
3 594 390
3 595 390
3 596 390
3 597 390
3 598 390
3 599 390
3 600 390
3 601 390
3 602 390
3 603 390
3 604 390
3 605 390
3 606 390
3 607 390
3 608 390
3 609 390
3 610 390
3 611 390
3 612 390
3 613 390
3 614 390
3 615 390
3 616 390
3 617 390
3 618 390
3 619 390
3 620 390
3 621 390
3 622 390
3 623 390
3 624 390
3 625 390
3 626 390
3 627 390
3 628 390
3 629 390
3 630 390
3 631 390
3 632 390
3 633 390
3 634 390
3 635 390
3 636 390
3 637 390
3 638 390
3 639 390
3 640 390
3 641 390
3 642 390
3 643 390
3 644 390
3 645 390
3 646 390
3 647 390
3 648 390
3 649 390
3 650 390
3 651 390
3 652 390
3 653 390
3 654 390
3 655 390
3 656 390
3 657 390
3 658 390
3 659 390
3 660 390
3 661 390
3 662 390
3 663 390
3 664 390
3 665 390
3 666 390
3 667 390
3 668 390
3 669 390
3 670 390
3 671 390
3 672 390
3 673 390
3 674 390
3 675 390
3 676 390
3 677 390
3 678 390
3 679 390
3 680 390
3 681 390
3 682 390
C 682 389
C 682 388
C 682 387
C 682 386
C 682 385
C 682 384
C 682 383
C 682 382
C 682 381
C 682 380
C 682 379
C 682 378
C 682 377
C 682 376
C 682 375
C 682 374
C 682 373
C 682 372
C 682 371
C 682 370
C 682 369
C 682 368
C 682 367
C 682 366
C 682 365
C 682 364
C 682 363
C 682 362
C 682 361
C 682 360
C 682 359
C 682 358
C 682 357
C 682 356
C 682 355
C 682 354
C 682 353
C 682 352
C 682 351
C 682 350
C 682 349
C 682 348
C 682 347
C 682 346
C 682 345
C 682 344
C 682 343
C 682 342
C 682 341
C 682 340
C 682 339
C 682 338
C 682 337
C 682 336
C 682 335
C 682 334
C 682 333
C 682 332
C 682 331
C 682 330
C 682 329
C 682 328
C 682 327
C 682 326
C 682 325
C 682 324
C 682 323
C 682 322
C 682 321
C 682 320
C 682 319
C 682 318
C 682 317
C 682 316
C 682 315
C 682 314
C 682 313
C 682 312
C 682 311
C 682 310
C 682 309
C 682 308
C 682 307
C 682 306
C 682 305
C 682 304
C 682 303
C 682 302
C 682 301
C 682 300
C 682 299
C 682 298
C 682 297
C 682 296
C 682 295
C 682 294
C 682 293
C 682 292
C 682 291
C 682 290
C 682 289
C 682 288
C 682 287
C 682 286
C 682 285
C 682 284
C 682 283
C 682 282
C 682 281
C 682 280
C 682 279
C 682 278
C 682 277
C 682 276
C 682 275
C 682 274
C 682 273
C 682 272
C 682 271
C 682 270
C 682 269
C 682 268
C 682 267
C 682 266
C 682 265
C 682 264
C 682 263
C 682 262
C 682 261
C 682 260
C 682 259
C 682 258
C 682 257
C 682 256
C 682 255
C 682 254
C 682 253
C 682 252
C 682 251
C 682 250
C 682 249
C 682 248
C 682 247
C 682 246
C 682 245
C 682 244
C 682 243
C 682 242
C 682 241
C 682 240
C 682 239
C 682 238
C 682 237
C 682 236
C 682 235
C 682 234
C 682 233
C 682 232
C 682 231
C 682 230
C 682 229
C 682 228
C 682 227
C 682 226
C 682 225
C 682 224
C 682 223
C 682 222
C 682 221
C 682 220
C 682 219
C 682 218
C 682 217
C 682 216
C 682 215
C 682 214
C 682 213
C 682 212
C 682 211
C 682 210
C 682 209
C 682 208
C 682 207
C 682 206
C 682 205
C 682 204
C 682 203
C 682 202
C 682 201
C 682 200
C 682 199
C 682 198
C 682 197
C 682 196
C 682 195
C 682 194
C 682 193
3 146 390
3 147 390
3 148 390
3 149 390
3 150 390
3 151 390
3 152 390
3 153 390
3 154 390
3 155 390
3 156 390
3 157 390
3 158 390
3 159 390
3 160 390
3 161 390
3 162 390
3 163 390
3 164 390
3 165 390
3 166 390
3 167 390
3 168 390
3 169 390
3 170 390
3 171 390
3 172 390
3 173 390
3 174 390
3 175 390
3 176 390
3 177 390
3 178 390
3 179 390
3 180 390
3 181 390
3 182 390
3 183 390
3 184 390
3 185 390
3 186 390
3 187 390
3 188 390
3 189 390
3 190 390
3 191 390
3 192 390
3 193 390
3 194 390
3 195 390
3 196 390
3 197 390
3 198 390
3 199 390
3 200 390
3 201 390
3 202 390
3 203 390
3 204 390
3 205 390
C 205 389
C 205 388
C 205 387
C 205 386
C 205 385
C 205 384
C 205 383
C 205 382
C 205 381
C 205 380
C 205 379
C 205 378
C 205 377
C 205 376
C 205 375
C 205 374
C 205 373
C 205 372
C 205 371
C 205 370
C 205 369
C 205 368
C 205 367
C 205 366
C 205 365
C 205 364
C 205 363
C 205 362
C 205 361
C 205 360
C 205 359
C 205 358
C 205 357
C 205 356
C 205 355
C 205 354
C 205 353
C 205 352
C 205 351
C 205 350
C 205 349
C 205 348
C 205 347
C 205 346
C 205 345
C 205 344
C 205 343
C 205 342
C 205 341
C 205 340
C 205 339
C 205 338
C 205 337
C 205 336
C 205 335
C 205 334
C 205 333
C 205 332
C 205 331
C 205 330
C 205 329
C 205 328
3 146 390
3 147 390
3 148 390
3 149 390
3 150 390
3 151 390
3 152 390
3 153 390
3 154 390
3 155 390
3 156 390
3 157 390
3 158 390
3 159 390
3 160 390
3 161 390
3 162 390
3 163 390
3 164 390
3 165 390
3 166 390
3 167 390
3 168 390
3 169 390
3 170 390
3 171 390
3 172 390
3 173 390
3 174 390
3 175 390
3 176 390
3 177 390
3 178 390
3 179 390
3 180 390
3 181 390
3 182 390
3 183 390
3 184 390
3 185 390
3 186 390
3 187 390
3 188 390
3 189 390
3 190 390
3 191 390
3 192 390
3 193 390
3 194 390
3 195 390
3 196 390
3 197 390
3 198 390
3 199 390
3 200 390
3 201 390
3 202 390
3 203 390
3 204 390
3 205 390
3 206 390
3 207 390
3 208 390
3 209 390
3 210 390
3 211 390
3 212 390
3 213 390
3 214 390
3 215 390
3 216 390
3 217 390
3 218 390
3 219 390
3 220 390
3 221 390
3 222 390
3 223 390
3 224 390
3 225 390
3 226 390
3 227 390
3 228 390
3 229 390
3 230 390
3 231 390
3 232 390
3 233 390
3 234 390
3 235 390
3 236 390
3 237 390
3 238 390
3 239 390
3 240 390
3 241 390
3 242 390
3 243 390
3 244 390
3 245 390
3 246 390
3 247 390
3 248 390
3 249 390
3 250 390
3 251 390
3 252 390
3 253 390
3 254 390
3 255 390
3 256 390
3 257 390
3 258 390
3 259 390
3 260 390
3 261 390
3 262 390
3 263 390
3 264 390
3 265 390
3 266 390
3 267 390
3 268 390
3 269 390
3 270 390
3 271 390
3 272 390
3 273 390
3 274 390
3 275 390
3 276 390
3 277 390
3 278 390
3 279 390
3 280 390
3 281 390
3 282 390
3 283 390
3 284 390
3 285 390
3 286 390
3 287 390
3 288 390
3 289 390
3 290 390
3 291 390
3 292 390
3 293 390
3 294 390
3 295 390
3 296 390
3 297 390
3 298 390
3 299 390
3 300 390
3 301 390
3 302 390
3 303 390
3 304 390
3 305 390
3 306 390
3 307 390
3 308 390
3 309 390
3 310 390
3 311 390
3 312 390
3 313 390
3 314 390
3 315 390
3 316 390
3 317 390
3 318 390
3 319 390
3 320 390
3 321 390
3 322 390
3 323 390
3 324 390
3 325 390
3 326 390
3 327 390
3 328 390
3 329 390
3 330 390
3 331 390
3 332 390
3 333 390
3 334 390
3 335 390
3 336 390
3 337 390
3 338 390
3 339 390
3 340 390
3 341 390
3 342 390
3 343 390
3 344 390
3 345 390
3 346 390
3 347 390
3 348 390
3 349 390
3 350 390
3 351 390
3 352 390
3 353 390
3 354 390
3 355 390
3 356 390
3 357 390
3 358 390
3 359 390
3 360 390
3 361 390
3 362 390
3 363 390
3 364 390
3 365 390
3 366 390
3 367 390
3 368 390
3 369 390
3 370 390
3 371 390
3 372 390
3 373 390
3 374 390
3 375 390
3 376 390
3 377 390
3 378 390
3 379 390
3 380 390
3 381 390
3 382 390
3 383 390
3 384 390
3 385 390
3 386 390
3 387 390
3 388 390
3 389 390
3 390 390
3 391 390
3 392 390
3 393 390
3 394 390
3 395 390
3 396 390
3 397 390
3 398 390
3 399 390
3 400 390
3 401 390
3 402 390
3 403 390
3 404 390
3 405 390
3 406 390
3 407 390
3 408 390
3 409 390
3 410 390
3 411 390
3 412 390
3 413 390
3 414 390
3 415 390
3 416 390
3 417 390
3 418 390
3 419 390
3 420 390
3 421 390
3 422 390
3 423 390
3 424 390
3 425 390
3 426 390
3 427 390
3 428 390
3 429 390
3 430 390
3 431 390
3 432 390
3 433 390
3 434 390
3 435 390
3 436 390
3 437 390
3 438 390
3 439 390
3 440 390
3 441 390
3 442 390
C 442 389
C 442 388
C 442 387
C 442 386
C 442 385
C 442 384
C 442 383
C 442 382
C 442 381
C 442 380
C 442 379
C 442 378
C 442 377
C 442 376
C 442 375
C 442 374
C 442 373
C 442 372
C 442 371
C 442 370
C 442 369
C 442 368
C 442 367
C 442 366
C 442 365
C 442 364
C 442 363
C 442 362
C 442 361
C 442 360
C 442 359
C 442 358
C 442 357
C 442 356
C 442 355
C 442 354
C 442 353
C 442 352
C 442 351
C 442 350
C 442 349
C 442 348
C 442 347
C 442 346
C 442 345
C 442 344
C 442 343
C 442 342
C 442 341
C 442 340
C 442 339
C 442 338
C 442 337
C 442 336
C 442 335
C 442 334
C 442 333
C 442 332
C 442 331
C 442 330
C 442 329
3 633 309
3 634 309
3 635 309
3 636 309
3 637 309
3 638 309
3 639 309
3 640 309
3 641 309
3 642 309
3 643 309
3 644 309
3 645 309
3 646 309
3 647 309
3 648 309
3 649 309
3 650 309
3 651 309
3 652 309
3 653 309
3 654 309
3 655 309
3 656 309
3 657 309
3 658 309
3 659 309
3 660 309
3 661 309
3 662 309
3 663 309
3 664 309
3 665 309
3 666 309
3 667 309
3 668 309
3 669 309
3 670 309
3 671 309
3 672 309
3 673 309
3 674 309
3 675 309
3 676 309
3 677 309
3 678 309
3 679 309
3 680 309
3 681 309
3 682 309
C 682 308
C 682 307
C 682 306
C 682 305
C 682 304
C 682 303
C 682 302
C 682 301
C 682 300
C 682 299
C 682 298
C 682 297
C 682 296
C 682 295
C 682 294
C 682 293
C 682 292
C 682 291
C 682 290
C 682 289
C 682 288
C 682 287
C 682 286
C 682 285
C 682 284
C 682 283
C 682 282
C 682 281
C 682 280
C 682 279
C 682 278
C 682 277
C 682 276
C 682 275
C 682 274
C 682 273
C 682 272
C 682 271
C 682 270
C 682 269
C 682 268
C 682 267
C 682 266
C 682 265
C 682 264
C 682 263
C 682 262
C 682 261
C 682 260
C 682 259
C 682 258
C 682 257
C 682 256
C 682 255
C 682 254
C 682 253
C 682 252
C 682 251
C 682 250
C 682 249
C 682 248
C 682 247
C 682 246
C 682 245
C 682 244
C 682 243
C 682 242
C 682 241
C 682 240
C 682 239
C 682 238
C 682 237
C 682 236
C 682 235
C 682 234
C 682 233
C 682 232
C 682 231
C 682 230
C 682 229
C 682 228
C 682 227
C 682 226
C 682 225
C 682 224
C 682 223
C 682 222
C 682 221
C 682 220
C 682 219
C 682 218
C 682 217
C 682 216
C 682 215
C 682 214
C 682 213
C 682 212
C 682 211
C 682 210
C 682 209
C 682 208
C 682 207
C 682 206
C 682 205
C 682 204
C 682 203
C 682 202
C 682 201
C 682 200
C 682 199
C 682 198
C 682 197
C 682 196
C 682 195
C 682 194
C 682 193
3 631 309
3 630 309
3 629 309
3 628 309
3 627 309
3 626 309
3 625 309
3 624 309
3 623 309
3 622 309
3 621 309
3 620 309
3 619 309
3 618 309
3 617 309
3 616 309
3 615 309
3 614 309
3 613 309
3 612 309
3 611 309
3 610 309
3 609 309
3 608 309
3 607 309
3 606 309
3 605 309
3 604 309
3 603 309
3 602 309
3 601 309
3 600 309
3 599 309
3 598 309
3 597 309
3 596 309
3 595 309
3 594 309
3 593 309
3 592 309
3 591 309
3 590 309
3 589 309
3 588 309
3 587 309
3 586 309
3 585 309
3 584 309
3 583 309
3 582 309
3 581 309
3 580 309
3 579 309
3 578 309
3 577 309
3 576 309
3 575 309
3 574 309
3 573 309
3 572 309
3 571 309
3 570 309
3 569 309
3 568 309
3 567 309
3 566 309
3 565 309
3 564 309
3 563 309
3 562 309
3 561 309
3 560 309
3 559 309
3 558 309
3 557 309
3 556 309
3 555 309
3 554 309
3 553 309
3 552 309
3 551 309
3 550 309
3 549 309
3 548 309
3 547 309
3 546 309
3 545 309
3 544 309
3 543 309
3 542 309
3 541 309
3 540 309
3 539 309
3 538 309
3 537 309
3 536 309
3 535 309
3 534 309
3 533 309
3 532 309
3 531 309
3 530 309
3 529 309
3 528 309
3 527 309
3 526 309
3 525 309
3 524 309
3 523 309
3 522 309
3 521 309
3 520 309
3 519 309
3 518 309
3 517 309
3 516 309
3 515 309
3 514 309
3 513 309
3 512 309
3 511 309
3 510 309
3 509 309
3 508 309
3 507 309
3 506 309
3 505 309
3 504 309
3 503 309
3 502 309
3 501 309
3 500 309
3 499 309
3 498 309
3 497 309
3 496 309
3 495 309
3 494 309
3 493 309
3 492 309
3 491 309
3 490 309
3 489 309
3 488 309
3 487 309
3 486 309
3 485 309
3 484 309
3 483 309
3 482 309
3 481 309
3 480 309
3 479 309
3 478 309
3 477 309
3 476 309
3 475 309
3 474 309
3 473 309
3 472 309
3 471 309
3 470 309
3 469 309
3 468 309
3 467 309
3 466 309
3 465 309
3 464 309
3 463 309
3 462 309
3 461 309
3 460 309
3 459 309
3 458 309
3 457 309
3 456 309
3 455 309
3 454 309
3 453 309
3 452 309
3 451 309
3 450 309
3 449 309
3 448 309
3 447 309
3 446 309
3 445 309
3 444 309
3 443 309
3 442 309
3 441 309
3 440 309
3 439 309
3 438 309
3 437 309
3 436 309
3 435 309
3 434 309
3 433 309
3 432 309
3 431 309
3 430 309
3 429 309
3 428 309
3 427 309
3 426 309
3 425 309
3 424 309
3 423 309
3 422 309
3 421 309
3 420 309
3 419 309
3 418 309
3 417 309
3 416 309
3 415 309
3 414 309
3 413 309
3 412 309
3 411 309
3 410 309
3 409 309
3 408 309
3 407 309
3 406 309
3 405 309
3 404 309
3 403 309
3 402 309
3 401 309
3 400 309
3 399 309
3 398 309
3 397 309
3 396 309
3 395 309
3 394 309
3 393 309
3 392 309
3 391 309
3 390 309
3 389 309
3 388 309
3 387 309
3 386 309
3 385 309
3 384 309
3 383 309
3 382 309
3 381 309
3 380 309
3 379 309
3 378 309
3 377 309
3 376 309
3 375 309
3 374 309
3 373 309
3 372 309
3 371 309
3 370 309
3 369 309
3 368 309
3 367 309
3 366 309
3 365 309
3 364 309
3 363 309
3 362 309
3 361 309
3 360 309
3 359 309
3 358 309
3 357 309
3 356 309
3 355 309
3 354 309
3 353 309
3 352 309
3 351 309
3 350 309
3 349 309
3 348 309
3 347 309
3 346 309
3 345 309
3 344 309
3 343 309
3 342 309
3 341 309
3 340 309
3 339 309
3 338 309
3 337 309
3 336 309
3 335 309
3 334 309
3 333 309
3 332 309
3 331 309
3 330 309
3 329 309
3 328 309
3 327 309
3 326 309
3 325 309
3 324 309
3 323 309
3 322 309
3 321 309
3 320 309
3 319 309
3 318 309
3 317 309
3 316 309
3 315 309
3 314 309
3 313 309
3 312 309
3 311 309
3 310 309
3 309 309
3 308 309
3 307 309
3 306 309
3 305 309
3 304 309
3 303 309
3 302 309
3 301 309
3 300 309
3 299 309
3 298 309
3 297 309
3 296 309
3 295 309
3 294 309
3 293 309
3 292 309
3 291 309
3 290 309
3 289 309
3 288 309
3 287 309
3 286 309
3 285 309
3 284 309
3 283 309
3 282 309
3 281 309
3 280 309
3 279 309
3 278 309
3 277 309
3 276 309
3 275 309
3 274 309
3 273 309
3 272 309
3 271 309
3 270 309
3 269 309
3 268 309
3 267 309
3 266 309
3 265 309
3 264 309
3 263 309
3 262 309
3 261 309
3 260 309
3 259 309
3 258 309
3 257 309
3 256 309
3 255 309
3 254 309
3 253 309
3 252 309
3 251 309
3 250 309
3 249 309
3 248 309
3 247 309
3 246 309
3 245 309
3 244 309
3 243 309
3 242 309
3 241 309
3 240 309
3 239 309
3 238 309
3 237 309
3 236 309
3 235 309
3 234 309
3 233 309
3 232 309
3 231 309
3 230 309
3 229 309
3 228 309
3 227 309
3 226 309
3 225 309
3 224 309
3 223 309
3 222 309
3 221 309
3 220 309
3 219 309
3 218 309
3 217 309
3 216 309
3 215 309
3 214 309
3 213 309
3 212 309
3 211 309
3 210 309
3 209 309
3 208 309
3 207 309
3 206 309
3 205 309
C 205 310
C 205 311
C 205 312
C 205 313
C 205 314
C 205 315
C 205 316
C 205 317
C 205 318
C 205 319
C 205 320
C 205 321
C 205 322
C 205 323
C 205 324
C 205 325
C 205 326
3 631 309
3 630 309
3 629 309
3 628 309
3 627 309
3 626 309
3 625 309
3 624 309
3 623 309
3 622 309
3 621 309
3 620 309
3 619 309
3 618 309
3 617 309
3 616 309
3 615 309
3 614 309
3 613 309
3 612 309
3 611 309
3 610 309
3 609 309
3 608 309
3 607 309
3 606 309
3 605 309
3 604 309
3 603 309
3 602 309
3 601 309
3 600 309
3 599 309
3 598 309
3 597 309
3 596 309
3 595 309
3 594 309
3 593 309
3 592 309
3 591 309
3 590 309
3 589 309
3 588 309
3 587 309
3 586 309
3 585 309
3 584 309
3 583 309
3 582 309
3 581 309
3 580 309
3 579 309
3 578 309
3 577 309
3 576 309
3 575 309
3 574 309
3 573 309
3 572 309
3 571 309
3 570 309
3 569 309
3 568 309
3 567 309
3 566 309
3 565 309
3 564 309
3 563 309
3 562 309
3 561 309
3 560 309
3 559 309
3 558 309
3 557 309
3 556 309
3 555 309
3 554 309
3 553 309
3 552 309
3 551 309
3 550 309
3 549 309
3 548 309
3 547 309
3 546 309
3 545 309
3 544 309
3 543 309
3 542 309
3 541 309
3 540 309
3 539 309
3 538 309
3 537 309
3 536 309
3 535 309
3 534 309
3 533 309
3 532 309
3 531 309
3 530 309
3 529 309
3 528 309
3 527 309
3 526 309
3 525 309
3 524 309
3 523 309
3 522 309
3 521 309
3 520 309
3 519 309
3 518 309
3 517 309
3 516 309
3 515 309
3 514 309
3 513 309
3 512 309
3 511 309
3 510 309
3 509 309
3 508 309
3 507 309
3 506 309
3 505 309
3 504 309
3 503 309
3 502 309
3 501 309
3 500 309
3 499 309
3 498 309
3 497 309
3 496 309
3 495 309
3 494 309
3 493 309
3 492 309
3 491 309
3 490 309
3 489 309
3 488 309
3 487 309
3 486 309
3 485 309
3 484 309
3 483 309
3 482 309
3 481 309
3 480 309
3 479 309
3 478 309
3 477 309
3 476 309
3 475 309
3 474 309
3 473 309
3 472 309
3 471 309
3 470 309
3 469 309
3 468 309
3 467 309
3 466 309
3 465 309
3 464 309
3 463 309
3 462 309
3 461 309
3 460 309
3 459 309
3 458 309
3 457 309
3 456 309
3 455 309
3 454 309
3 453 309
3 452 309
3 451 309
3 450 309
3 449 309
3 448 309
3 447 309
3 446 309
3 445 309
3 444 309
3 443 309
3 442 309
C 442 310
C 442 311
C 442 312
C 442 313
C 442 314
C 442 315
C 442 316
C 442 317
C 442 318
C 442 319
C 442 320
C 442 321
C 442 322
C 442 323
C 442 324
C 442 325
C 442 326
C 442 327
3 681 192
3 680 192
3 679 192
3 678 192
3 677 192
3 676 192
3 675 192
3 674 192
3 673 192
3 672 192
3 671 192
3 670 192
3 669 192
3 668 192
3 667 192
3 666 192
3 665 192
3 664 192
3 663 192
3 662 192
3 661 192
3 660 192
3 659 192
3 658 192
3 657 192
3 656 192
3 655 192
3 654 192
3 653 192
3 652 192
3 651 192
3 650 192
3 649 192
3 648 192
3 647 192
3 646 192
3 645 192
3 644 192
3 643 192
3 642 192
3 641 192
3 640 192
3 639 192
3 638 192
3 637 192
3 636 192
3 635 192
3 634 192
3 633 192
3 632 192
3 631 192
3 630 192
3 629 192
3 628 192
3 627 192
3 626 192
3 625 192
3 624 192
3 623 192
3 622 192
3 621 192
3 620 192
3 619 192
3 618 192
3 617 192
3 616 192
3 615 192
3 614 192
3 613 192
3 612 192
3 611 192
3 610 192
3 609 192
3 608 192
3 607 192
3 606 192
3 605 192
3 604 192
3 603 192
3 602 192
3 601 192
3 600 192
3 599 192
3 598 192
3 597 192
3 596 192
3 595 192
3 594 192
3 593 192
3 592 192
3 591 192
3 590 192
3 589 192
3 588 192
3 587 192
3 586 192
3 585 192
3 584 192
3 583 192
3 582 192
3 581 192
3 580 192
3 579 192
3 578 192
3 577 192
3 576 192
3 575 192
3 574 192
3 573 192
3 572 192
3 571 192
3 570 192
3 569 192
3 568 192
3 567 192
3 566 192
3 565 192
3 564 192
3 563 192
3 562 192
3 561 192
3 560 192
3 559 192
3 558 192
3 557 192
3 556 192
3 555 192
3 554 192
3 553 192
3 552 192
3 551 192
3 550 192
3 549 192
3 548 192
3 547 192
3 546 192
3 545 192
3 544 192
3 543 192
3 542 192
3 541 192
3 540 192
3 539 192
3 538 192
3 537 192
3 536 192
3 535 192
3 534 192
3 533 192
3 532 192
3 531 192
3 530 192
3 529 192
3 528 192
3 527 192
3 526 192
3 525 192
3 524 192
3 523 192
3 522 192
3 521 192
3 520 192
3 519 192
3 518 192
3 517 192
3 516 192
3 515 192
3 514 192
3 513 192
3 512 192
3 511 192
3 510 192
3 509 192
3 508 192
3 507 192
3 506 192
3 505 192
3 504 192
3 503 192
3 502 192
3 501 192
3 500 192
3 499 192
3 498 192
3 497 192
3 496 192
3 495 192
3 494 192
3 493 192
3 492 192
3 491 192
3 490 192
3 489 192
3 488 192
3 487 192
3 486 192
3 485 192
3 484 192
3 483 192
3 482 192
3 481 192
3 480 192
3 479 192
3 478 192
3 477 192
3 476 192
3 475 192
3 474 192
3 473 192
3 472 192
3 471 192
3 470 192
3 469 192
3 468 192
3 467 192
3 466 192
3 465 192
3 464 192
3 463 192
3 462 192
3 461 192
3 460 192
3 459 192
3 458 192
3 457 192
3 456 192
3 455 192
3 454 192
3 453 192
3 452 192
3 451 192
3 450 192
3 449 192
3 448 192
3 447 192
3 446 192
3 445 192
3 444 192
3 443 192
3 442 192
3 441 192
3 440 192
3 439 192
3 438 192
3 437 192
3 436 192
3 435 192
3 434 192
3 433 192
3 432 192
3 431 192
3 430 192
3 429 192
3 428 192
3 427 192
3 426 192
3 425 192
3 424 192
3 423 192
3 422 192
3 421 192
3 420 192
3 419 192
3 418 192
3 417 192
3 416 192
3 415 192
3 414 192
3 413 192
3 412 192
3 411 192
3 410 192
3 409 192
3 408 192
3 407 192
3 406 192
3 405 192
3 404 192
3 403 192
3 402 192
3 401 192
3 400 192
3 399 192
3 398 192
3 397 192
3 396 192
3 395 192
3 394 192
3 393 192
3 392 192
3 391 192
3 390 192
3 389 192
3 388 192
3 387 192
3 386 192
3 385 192
3 384 192
3 383 192
3 382 192
3 381 192
3 380 192
3 379 192
3 378 192
3 377 192
3 376 192
3 375 192
3 374 192
3 373 192
3 372 192
3 371 192
3 370 192
3 369 192
3 368 192
3 367 192
3 366 192
3 365 192
3 364 192
3 363 192
3 362 192
3 361 192
3 360 192
3 359 192
3 358 192
3 357 192
3 356 192
3 355 192
3 354 192
3 353 192
3 352 192
3 351 192
3 350 192
3 349 192
3 348 192
3 347 192
3 346 192
3 345 192
3 344 192
3 343 192
3 342 192
3 341 192
3 340 192
3 339 192
3 338 192
3 337 192
3 336 192
3 335 192
3 334 192
3 333 192
3 332 192
3 331 192
3 330 192
3 329 192
3 328 192
3 327 192
3 326 192
3 325 192
3 324 192
3 323 192
3 322 192
3 321 192
3 320 192
3 319 192
3 318 192
3 317 192
3 316 192
3 315 192
3 314 192
3 313 192
3 312 192
3 311 192
3 310 192
3 309 192
3 308 192
3 307 192
3 306 192
3 305 192
3 304 192
3 303 192
3 302 192
3 301 192
3 300 192
3 299 192
3 298 192
3 297 192
3 296 192
3 295 192
3 294 192
3 293 192
3 292 192
3 291 192
3 290 192
3 289 192
3 288 192
3 287 192
3 286 192
3 285 192
3 284 192
3 283 192
3 282 192
3 281 192
3 280 192
3 279 192
3 278 192
3 277 192
3 276 192
3 275 192
3 274 192
3 273 192
3 272 192
3 271 192
3 270 192
3 269 192
3 268 192
3 267 192
3 266 192
3 265 192
3 264 192
3 263 192
3 262 192
3 261 192
3 260 192
3 259 192
3 258 192
3 257 192
3 256 192
3 255 192
3 254 192
3 253 192
3 252 192
3 251 192
3 250 192
3 249 192
3 248 192
3 247 192
3 246 192
3 245 192
3 244 192
3 243 192
3 242 192
3 241 192
3 240 192
3 239 192
3 238 192
3 237 192
3 236 192
3 235 192
3 234 192
3 233 192
3 232 192
3 231 192
3 230 192
3 229 192
3 228 192
3 227 192
3 226 192
3 225 192
3 224 192
3 223 192
3 222 192
3 221 192
3 220 192
3 219 192
3 218 192
3 217 192
3 216 192
3 215 192
3 214 192
3 213 192
3 212 192
3 211 192
3 210 192
3 209 192
3 208 192
3 207 192
3 206 192
3 205 192
C 205 193
C 205 194
C 205 195
C 205 196
C 205 197
C 205 198
C 205 199
C 205 200
C 205 201
C 205 202
C 205 203
C 205 204
C 205 205
C 205 206
C 205 207
C 205 208
C 205 209
C 205 210
C 205 211
C 205 212
C 205 213
C 205 214
C 205 215
C 205 216
C 205 217
C 205 218
C 205 219
C 205 220
C 205 221
C 205 222
C 205 223
C 205 224
C 205 225
C 205 226
C 205 227
C 205 228
C 205 229
C 205 230
C 205 231
C 205 232
C 205 233
C 205 234
C 205 235
C 205 236
C 205 237
C 205 238
C 205 239
C 205 240
C 205 241
C 205 242
C 205 243
C 205 244
C 205 245
C 205 246
C 205 247
C 205 248
C 205 249
C 205 250
C 205 251
C 205 252
C 205 253
C 205 254
C 205 255
C 205 256
C 205 257
C 205 258
C 205 259
C 205 260
C 205 261
C 205 262
C 205 263
C 205 264
C 205 265
C 205 266
C 205 267
C 205 268
C 205 269
C 205 270
C 205 271
C 205 272
C 205 273
C 205 274
C 205 275
C 205 276
C 205 277
C 205 278
C 205 279
C 205 280
C 205 281
C 205 282
C 205 283
C 205 284
C 205 285
C 205 286
C 205 287
C 205 288
C 205 289
C 205 290
C 205 291
C 205 292
C 205 293
C 205 294
C 205 295
C 205 296
C 205 297
C 205 298
C 205 299
C 205 300
C 205 301
C 205 302
C 205 303
C 205 304
C 205 305
C 205 306
C 205 307
C 205 308
C 205 309
C 205 310
C 205 311
C 205 312
C 205 313
C 205 314
C 205 315
C 205 316
C 205 317
C 205 318
C 205 319
C 205 320
C 205 321
C 205 322
C 205 323
C 205 324
C 205 325
C 205 326
3 681 192
3 680 192
3 679 192
3 678 192
3 677 192
3 676 192
3 675 192
3 674 192
3 673 192
3 672 192
3 671 192
3 670 192
3 669 192
3 668 192
3 667 192
3 666 192
3 665 192
3 664 192
3 663 192
3 662 192
3 661 192
3 660 192
3 659 192
3 658 192
3 657 192
3 656 192
3 655 192
3 654 192
3 653 192
3 652 192
3 651 192
3 650 192
3 649 192
3 648 192
3 647 192
3 646 192
3 645 192
3 644 192
3 643 192
3 642 192
3 641 192
3 640 192
3 639 192
3 638 192
3 637 192
3 636 192
3 635 192
3 634 192
3 633 192
3 632 192
3 631 192
3 630 192
3 629 192
3 628 192
3 627 192
3 626 192
3 625 192
3 624 192
3 623 192
3 622 192
3 621 192
3 620 192
3 619 192
3 618 192
3 617 192
3 616 192
3 615 192
3 614 192
3 613 192
3 612 192
3 611 192
3 610 192
3 609 192
3 608 192
3 607 192
3 606 192
3 605 192
3 604 192
3 603 192
3 602 192
3 601 192
3 600 192
3 599 192
3 598 192
3 597 192
3 596 192
3 595 192
3 594 192
3 593 192
3 592 192
3 591 192
3 590 192
3 589 192
3 588 192
3 587 192
3 586 192
3 585 192
3 584 192
3 583 192
3 582 192
3 581 192
3 580 192
3 579 192
3 578 192
3 577 192
3 576 192
3 575 192
3 574 192
3 573 192
3 572 192
3 571 192
3 570 192
3 569 192
3 568 192
3 567 192
3 566 192
3 565 192
3 564 192
3 563 192
3 562 192
3 561 192
3 560 192
3 559 192
3 558 192
3 557 192
3 556 192
3 555 192
3 554 192
3 553 192
3 552 192
3 551 192
3 550 192
3 549 192
3 548 192
3 547 192
3 546 192
3 545 192
3 544 192
3 543 192
3 542 192
3 541 192
3 540 192
3 539 192
3 538 192
3 537 192
3 536 192
3 535 192
3 534 192
3 533 192
3 532 192
3 531 192
3 530 192
3 529 192
3 528 192
3 527 192
3 526 192
3 525 192
3 524 192
3 523 192
3 522 192
3 521 192
3 520 192
3 519 192
3 518 192
3 517 192
3 516 192
3 515 192
3 514 192
3 513 192
3 512 192
3 511 192
3 510 192
3 509 192
3 508 192
3 507 192
3 506 192
3 505 192
3 504 192
3 503 192
3 502 192
3 501 192
3 500 192
3 499 192
3 498 192
3 497 192
3 496 192
3 495 192
3 494 192
3 493 192
3 492 192
3 491 192
3 490 192
3 489 192
3 488 192
3 487 192
3 486 192
3 485 192
3 484 192
3 483 192
3 482 192
3 481 192
3 480 192
3 479 192
3 478 192
3 477 192
3 476 192
3 475 192
3 474 192
3 473 192
3 472 192
3 471 192
3 470 192
3 469 192
3 468 192
3 467 192
3 466 192
3 465 192
3 464 192
3 463 192
3 462 192
3 461 192
3 460 192
3 459 192
3 458 192
3 457 192
3 456 192
3 455 192
3 454 192
3 453 192
3 452 192
3 451 192
3 450 192
3 449 192
3 448 192
3 447 192
3 446 192
3 445 192
3 444 192
3 443 192
3 442 192
C 442 193
C 442 194
C 442 195
C 442 196
C 442 197
C 442 198
C 442 199
C 442 200
C 442 201
C 442 202
C 442 203
C 442 204
C 442 205
C 442 206
C 442 207
C 442 208
C 442 209
C 442 210
C 442 211
C 442 212
C 442 213
C 442 214
C 442 215
C 442 216
C 442 217
C 442 218
C 442 219
C 442 220
C 442 221
C 442 222
C 442 223
C 442 224
C 442 225
C 442 226
C 442 227
C 442 228
C 442 229
C 442 230
C 442 231
C 442 232
C 442 233
C 442 234
C 442 235
C 442 236
C 442 237
C 442 238
C 442 239
C 442 240
C 442 241
C 442 242
C 442 243
C 442 244
C 442 245
C 442 246
C 442 247
C 442 248
C 442 249
C 442 250
C 442 251
C 442 252
C 442 253
C 442 254
C 442 255
C 442 256
C 442 257
C 442 258
C 442 259
C 442 260
C 442 261
C 442 262
C 442 263
C 442 264
C 442 265
C 442 266
C 442 267
C 442 268
C 442 269
C 442 270
C 442 271
C 442 272
C 442 273
C 442 274
C 442 275
C 442 276
C 442 277
C 442 278
C 442 279
C 442 280
C 442 281
C 442 282
C 442 283
C 442 284
C 442 285
C 442 286
C 442 287
C 442 288
C 442 289
C 442 290
C 442 291
C 442 292
C 442 293
C 442 294
C 442 295
C 442 296
C 442 297
C 442 298
C 442 299
C 442 300
C 442 301
C 442 302
C 442 303
C 442 304
C 442 305
C 442 306
C 442 307
C 442 308
C 442 309
C 442 310
C 442 311
C 442 312
C 442 313
C 442 314
C 442 315
C 442 316
C 442 317
C 442 318
C 442 319
C 442 320
C 442 321
C 442 322
C 442 323
C 442 324
C 442 325
C 442 326
C 442 327
3 206 327
3 207 327
3 208 327
3 209 327
3 210 327
3 211 327
3 212 327
3 213 327
3 214 327
3 215 327
3 216 327
3 217 327
3 218 327
3 219 327
3 220 327
3 221 327
3 222 327
3 223 327
3 224 327
3 225 327
3 226 327
3 227 327
3 228 327
3 229 327
3 230 327
3 231 327
3 232 327
3 233 327
3 234 327
3 235 327
3 236 327
3 237 327
3 238 327
3 239 327
3 240 327
3 241 327
3 242 327
3 243 327
3 244 327
3 245 327
3 246 327
3 247 327
3 248 327
3 249 327
3 250 327
3 251 327
3 252 327
3 253 327
3 254 327
3 255 327
3 256 327
3 257 327
3 258 327
3 259 327
3 260 327
3 261 327
3 262 327
3 263 327
3 264 327
3 265 327
3 266 327
3 267 327
3 268 327
3 269 327
3 270 327
3 271 327
3 272 327
3 273 327
3 274 327
3 275 327
3 276 327
3 277 327
3 278 327
3 279 327
3 280 327
3 281 327
3 282 327
3 283 327
3 284 327
3 285 327
3 286 327
3 287 327
3 288 327
3 289 327
3 290 327
3 291 327
3 292 327
3 293 327
3 294 327
3 295 327
3 296 327
3 297 327
3 298 327
3 299 327
3 300 327
3 301 327
3 302 327
3 303 327
3 304 327
3 305 327
3 306 327
3 307 327
3 308 327
3 309 327
3 310 327
3 311 327
3 312 327
3 313 327
3 314 327
3 315 327
3 316 327
3 317 327
3 318 327
3 319 327
3 320 327
3 321 327
3 322 327
3 323 327
3 324 327
3 325 327
3 326 327
3 327 327
3 328 327
3 329 327
3 330 327
3 331 327
3 332 327
3 333 327
3 334 327
3 335 327
3 336 327
3 337 327
3 338 327
3 339 327
3 340 327
3 341 327
3 342 327
3 343 327
3 344 327
3 345 327
3 346 327
3 347 327
3 348 327
3 349 327
3 350 327
3 351 327
3 352 327
3 353 327
3 354 327
3 355 327
3 356 327
3 357 327
3 358 327
3 359 327
3 360 327
3 361 327
3 362 327
3 363 327
3 364 327
3 365 327
3 366 327
3 367 327
3 368 327
3 369 327
3 370 327
3 371 327
3 372 327
3 373 327
3 374 327
3 375 327
3 376 327
3 377 327
3 378 327
3 379 327
3 380 327
3 381 327
3 382 327
3 383 327
3 384 327
3 385 327
3 386 327
3 387 327
3 388 327
3 389 327
3 390 327
3 391 327
3 392 327
3 393 327
3 394 327
3 395 327
3 396 327
3 397 327
3 398 327
3 399 327
3 400 327
3 401 327
3 402 327
3 403 327
3 404 327
3 405 327
3 406 327
3 407 327
3 408 327
3 409 327
3 410 327
3 411 327
3 412 327
3 413 327
3 414 327
3 415 327
3 416 327
3 417 327
3 418 327
3 419 327
3 420 327
3 421 327
3 422 327
3 423 327
3 424 327
3 425 327
3 426 327
3 427 327
3 428 327
3 429 327
3 430 327
3 431 327
3 432 327
3 433 327
3 434 327
3 435 327
3 436 327
3 437 327
3 438 327
3 439 327
3 440 327
3 441 327
3 442 327
